year	pop	lifeExp	gdpPercap	region
1952	8425333	28.801	779.4453145	Asia_Afghanistan
1957	9240934	30.332	820.8530296	Asia_Afghanistan
1962	10267083	31.997	853.10071	Asia_Afghanistan
1967	11537966	34.02	836.1971382	Asia_Afghanistan
1972	13079460	36.088	739.9811058	Asia_Afghanistan
1977	14880372	38.438	786.11336	Asia_Afghanistan
1982	12881816	39.854	978.0114388	Asia_Afghanistan
1987	13867957	40.822	852.3959448	Asia_Afghanistan
1992	16317921	41.674	649.3413952	Asia_Afghanistan
1997	22227415	41.763	635.341351	Asia_Afghanistan
2002	25268405	42.129	726.7340548	Asia_Afghanistan
2007	31889923	43.828	974.5803384	Asia_Afghanistan
1952	1282697	55.23	1601.056136	Europe_Albania
1957	1476505	59.28	1942.284244	Europe_Albania
1962	1728137	64.82	2312.888958	Europe_Albania
1967	1984060	66.22	2760.196931	Europe_Albania
1972	2263554	67.69	3313.422188	Europe_Albania
1977	2509048	68.93	3533.00391	Europe_Albania
1982	2780097	70.42	3630.880722	Europe_Albania
1987	3075321	72	3738.932735	Europe_Albania
1992	3326498	71.581	2497.437901	Europe_Albania
1997	3428038	72.95	3193.054604	Europe_Albania
2002	3508512	75.651	4604.211737	Europe_Albania
2007	3600523	76.423	5937.029526	Europe_Albania
1952	9279525	43.077	2449.008185	Africa_Algeria
1957	10270856	45.685	3013.976023	Africa_Algeria
1962	11000948	48.303	2550.81688	Africa_Algeria
1967	12760499	51.407	3246.991771	Africa_Algeria
1972	14760787	54.518	4182.663766	Africa_Algeria
1977	17152804	58.014	4910.416756	Africa_Algeria
1982	20033753	61.368	5745.160213	Africa_Algeria
1987	23254956	65.799	5681.358539	Africa_Algeria
1992	26298373	67.744	5023.216647	Africa_Algeria
1997	29072015	69.152	4797.295051	Africa_Algeria
2002	31287142	70.994	5288.040382	Africa_Algeria
2007	33333216	72.301	6223.367465	Africa_Algeria
1952	4232095	30.015	3520.610273	Africa_Angola
1957	4561361	31.999	3827.940465	Africa_Angola
1962	4826015	34	4269.276742	Africa_Angola
1967	5247469	35.985	5522.776375	Africa_Angola
1972	5894858	37.928	5473.288005	Africa_Angola
1977	6162675	39.483	3008.647355	Africa_Angola
1982	7016384	39.942	2756.953672	Africa_Angola
1987	7874230	39.906	2430.208311	Africa_Angola
1992	8735988	40.647	2627.845685	Africa_Angola
1997	9875024	40.963	2277.140884	Africa_Angola
2002	10866106	41.003	2773.287312	Africa_Angola
2007	12420476	42.731	4797.231267	Africa_Angola
1952	17876956	62.485	5911.315053	Americas_Argentina
1957	19610538	64.399	6856.856212	Americas_Argentina
1962	21283783	65.142	7133.166023	Americas_Argentina
1967	22934225	65.634	8052.953021	Americas_Argentina
1972	24779799	67.065	9443.038526	Americas_Argentina
1977	26983828	68.481	10079.02674	Americas_Argentina
1982	29341374	69.942	8997.897412	Americas_Argentina
1987	31620918	70.774	9139.671389	Americas_Argentina
1992	33958947	71.868	9308.41871	Americas_Argentina
1997	36203463	73.275	10967.28195	Americas_Argentina
2002	38331121	74.34	8797.640716	Americas_Argentina
2007	40301927	75.32	12779.37964	Americas_Argentina
1952	8691212	69.12	10039.59564	Oceania_Australia
1957	9712569	70.33	10949.64959	Oceania_Australia
1962	10794968	70.93	12217.22686	Oceania_Australia
1967	11872264	71.1	14526.12465	Oceania_Australia
1972	13177000	71.93	16788.62948	Oceania_Australia
1977	14074100	73.49	18334.19751	Oceania_Australia
1982	15184200	74.74	19477.00928	Oceania_Australia
1987	16257249	76.32	21888.88903	Oceania_Australia
1992	17481977	77.56	23424.76683	Oceania_Australia
1997	18565243	78.83	26997.93657	Oceania_Australia
2002	19546792	80.37	30687.75473	Oceania_Australia
2007	20434176	81.235	34435.36744	Oceania_Australia
1952	6927772	66.8	6137.076492	Europe_Austria
1957	6965860	67.48	8842.59803	Europe_Austria
1962	7129864	69.54	10750.72111	Europe_Austria
1967	7376998	70.14	12834.6024	Europe_Austria
1972	7544201	70.63	16661.6256	Europe_Austria
1977	7568430	72.17	19749.4223	Europe_Austria
1982	7574613	73.18	21597.08362	Europe_Austria
1987	7578903	74.94	23687.82607	Europe_Austria
1992	7914969	76.04	27042.01868	Europe_Austria
1997	8069876	77.51	29095.92066	Europe_Austria
2002	8148312	78.98	32417.60769	Europe_Austria
2007	8199783	79.829	36126.4927	Europe_Austria
1952	120447	50.939	9867.084765	Asia_Bahrain
1957	138655	53.832	11635.79945	Asia_Bahrain
1962	171863	56.923	12753.27514	Asia_Bahrain
1967	202182	59.923	14804.6727	Asia_Bahrain
1972	230800	63.3	18268.65839	Asia_Bahrain
1977	297410	65.593	19340.10196	Asia_Bahrain
1982	377967	69.052	19211.14731	Asia_Bahrain
1987	454612	70.75	18524.02406	Asia_Bahrain
1992	529491	72.601	19035.57917	Asia_Bahrain
1997	598561	73.925	20292.01679	Asia_Bahrain
2002	656397	74.795	23403.55927	Asia_Bahrain
2007	708573	75.635	29796.04834	Asia_Bahrain
1952	46886859	37.484	684.2441716	Asia_Bangladesh
1957	51365468	39.348	661.6374577	Asia_Bangladesh
1962	56839289	41.216	686.3415538	Asia_Bangladesh
1967	62821884	43.453	721.1860862	Asia_Bangladesh
1972	70759295	45.252	630.2336265	Asia_Bangladesh
1977	80428306	46.923	659.8772322	Asia_Bangladesh
1982	93074406	50.009	676.9818656	Asia_Bangladesh
1987	103764241	52.819	751.9794035	Asia_Bangladesh
1992	113704579	56.018	837.8101643	Asia_Bangladesh
1997	123315288	59.412	972.7700352	Asia_Bangladesh
2002	135656790	62.013	1136.39043	Asia_Bangladesh
2007	150448339	64.062	1391.253792	Asia_Bangladesh
1952	8730405	68	8343.105127	Europe_Belgium
1957	8989111	69.24	9714.960623	Europe_Belgium
1962	9218400	70.25	10991.20676	Europe_Belgium
1967	9556500	70.94	13149.04119	Europe_Belgium
1972	9709100	71.44	16672.14356	Europe_Belgium
1977	9821800	72.8	19117.97448	Europe_Belgium
1982	9856303	73.93	20979.84589	Europe_Belgium
1987	9870200	75.35	22525.56308	Europe_Belgium
1992	10045622	76.46	25575.57069	Europe_Belgium
1997	10199787	77.53	27561.19663	Europe_Belgium
2002	10311970	78.32	30485.88375	Europe_Belgium
2007	10392226	79.441	33692.60508	Europe_Belgium
1952	1738315	38.223	1062.7522	Africa_Benin
1957	1925173	40.358	959.6010805	Africa_Benin
1962	2151895	42.618	949.4990641	Africa_Benin
1967	2427334	44.885	1035.831411	Africa_Benin
1972	2761407	47.014	1085.796879	Africa_Benin
1977	3168267	49.19	1029.161251	Africa_Benin
1982	3641603	50.904	1277.897616	Africa_Benin
1987	4243788	52.337	1225.85601	Africa_Benin
1992	4981671	53.919	1191.207681	Africa_Benin
1997	6066080	54.777	1232.975292	Africa_Benin
2002	7026113	54.406	1372.877931	Africa_Benin
2007	8078314	56.728	1441.284873	Africa_Benin
1952	2883315	40.414	2677.326347	Americas_Bolivia
1957	3211738	41.89	2127.686326	Americas_Bolivia
1962	3593918	43.428	2180.972546	Americas_Bolivia
1967	4040665	45.032	2586.886053	Americas_Bolivia
1972	4565872	46.714	2980.331339	Americas_Bolivia
1977	5079716	50.023	3548.097832	Americas_Bolivia
1982	5642224	53.859	3156.510452	Americas_Bolivia
1987	6156369	57.251	2753.69149	Americas_Bolivia
1992	6893451	59.957	2961.699694	Americas_Bolivia
1997	7693188	62.05	3326.143191	Americas_Bolivia
2002	8445134	63.883	3413.26269	Americas_Bolivia
2007	9119152	65.554	3822.137084	Americas_Bolivia
1952	2791000	53.82	973.5331948	Europe_Bosnia and Herzegovina
1957	3076000	58.45	1353.989176	Europe_Bosnia and Herzegovina
1962	3349000	61.93	1709.683679	Europe_Bosnia and Herzegovina
1967	3585000	64.79	2172.352423	Europe_Bosnia and Herzegovina
1972	3819000	67.45	2860.16975	Europe_Bosnia and Herzegovina
1977	4086000	69.86	3528.481305	Europe_Bosnia and Herzegovina
1982	4172693	70.69	4126.613157	Europe_Bosnia and Herzegovina
1987	4338977	71.14	4314.114757	Europe_Bosnia and Herzegovina
1992	4256013	72.178	2546.781445	Europe_Bosnia and Herzegovina
1997	3607000	73.244	4766.355904	Europe_Bosnia and Herzegovina
2002	4165416	74.09	6018.975239	Europe_Bosnia and Herzegovina
2007	4552198	74.852	7446.298803	Europe_Bosnia and Herzegovina
1952	442308	47.622	851.2411407	Africa_Botswana
1957	474639	49.618	918.2325349	Africa_Botswana
1962	512764	51.52	983.6539764	Africa_Botswana
1967	553541	53.298	1214.709294	Africa_Botswana
1972	619351	56.024	2263.611114	Africa_Botswana
1977	781472	59.319	3214.857818	Africa_Botswana
1982	970347	61.484	4551.14215	Africa_Botswana
1987	1151184	63.622	6205.88385	Africa_Botswana
1992	1342614	62.745	7954.111645	Africa_Botswana
1997	1536536	52.556	8647.142313	Africa_Botswana
2002	1630347	46.634	11003.60508	Africa_Botswana
2007	1639131	50.728	12569.85177	Africa_Botswana
1952	56602560	50.917	2108.944355	Americas_Brazil
1957	65551171	53.285	2487.365989	Americas_Brazil
1962	76039390	55.665	3336.585802	Americas_Brazil
1967	88049823	57.632	3429.864357	Americas_Brazil
1972	100840058	59.504	4985.711467	Americas_Brazil
1977	114313951	61.489	6660.118654	Americas_Brazil
1982	128962939	63.336	7030.835878	Americas_Brazil
1987	142938076	65.205	7807.095818	Americas_Brazil
1992	155975974	67.057	6950.283021	Americas_Brazil
1997	168546719	69.388	7957.980824	Americas_Brazil
2002	179914212	71.006	8131.212843	Americas_Brazil
2007	190010647	72.39	9065.800825	Americas_Brazil
1952	7274900	59.6	2444.286648	Europe_Bulgaria
1957	7651254	66.61	3008.670727	Europe_Bulgaria
1962	8012946	69.51	4254.337839	Europe_Bulgaria
1967	8310226	70.42	5577.0028	Europe_Bulgaria
1972	8576200	70.9	6597.494398	Europe_Bulgaria
1977	8797022	70.81	7612.240438	Europe_Bulgaria
1982	8892098	71.08	8224.191647	Europe_Bulgaria
1987	8971958	71.34	8239.854824	Europe_Bulgaria
1992	8658506	71.19	6302.623438	Europe_Bulgaria
1997	8066057	70.32	5970.38876	Europe_Bulgaria
2002	7661799	72.14	7696.777725	Europe_Bulgaria
2007	7322858	73.005	10680.79282	Europe_Bulgaria
1952	4469979	31.975	543.2552413	Africa_Burkina Faso
1957	4713416	34.906	617.1834648	Africa_Burkina Faso
1962	4919632	37.814	722.5120206	Africa_Burkina Faso
1967	5127935	40.697	794.8265597	Africa_Burkina Faso
1972	5433886	43.591	854.7359763	Africa_Burkina Faso
1977	5889574	46.137	743.3870368	Africa_Burkina Faso
1982	6634596	48.122	807.1985855	Africa_Burkina Faso
1987	7586551	49.557	912.0631417	Africa_Burkina Faso
1992	8878303	50.26	931.7527731	Africa_Burkina Faso
1997	10352843	50.324	946.2949618	Africa_Burkina Faso
2002	12251209	50.65	1037.645221	Africa_Burkina Faso
2007	14326203	52.295	1217.032994	Africa_Burkina Faso
1952	2445618	39.031	339.2964587	Africa_Burundi
1957	2667518	40.533	379.5646281	Africa_Burundi
1962	2961915	42.045	355.2032273	Africa_Burundi
1967	3330989	43.548	412.9775136	Africa_Burundi
1972	3529983	44.057	464.0995039	Africa_Burundi
1977	3834415	45.91	556.1032651	Africa_Burundi
1982	4580410	47.471	559.603231	Africa_Burundi
1987	5126023	48.211	621.8188189	Africa_Burundi
1992	5809236	44.736	631.6998778	Africa_Burundi
1997	6121610	45.326	463.1151478	Africa_Burundi
2002	7021078	47.36	446.4035126	Africa_Burundi
2007	8390505	49.58	430.0706916	Africa_Burundi
1952	4693836	39.417	368.4692856	Asia_Cambodia
1957	5322536	41.366	434.0383364	Asia_Cambodia
1962	6083619	43.415	496.9136476	Asia_Cambodia
1967	6960067	45.415	523.4323142	Asia_Cambodia
1972	7450606	40.317	421.6240257	Asia_Cambodia
1977	6978607	31.22	524.9721832	Asia_Cambodia
1982	7272485	50.957	624.4754784	Asia_Cambodia
1987	8371791	53.914	683.8955732	Asia_Cambodia
1992	10150094	55.803	682.3031755	Asia_Cambodia
1997	11782962	56.534	734.28517	Asia_Cambodia
2002	12926707	56.752	896.2260153	Asia_Cambodia
2007	14131858	59.723	1713.778686	Asia_Cambodia
1952	5009067	38.523	1172.667655	Africa_Cameroon
1957	5359923	40.428	1313.048099	Africa_Cameroon
1962	5793633	42.643	1399.607441	Africa_Cameroon
1967	6335506	44.799	1508.453148	Africa_Cameroon
1972	7021028	47.049	1684.146528	Africa_Cameroon
1977	7959865	49.355	1783.432873	Africa_Cameroon
1982	9250831	52.961	2367.983282	Africa_Cameroon
1987	10780667	54.985	2602.664206	Africa_Cameroon
1992	12467171	54.314	1793.163278	Africa_Cameroon
1997	14195809	52.199	1694.337469	Africa_Cameroon
2002	15929988	49.856	1934.011449	Africa_Cameroon
2007	17696293	50.43	2042.09524	Africa_Cameroon
1952	14785584	68.75	11367.16112	_Canada
1957	17010154	69.96	12489.95006	_Canada
1962	18985849	71.3	13462.48555	_Canada
1967	20819767	72.13	16076.58803	Americas_Canada
1972	22284500	72.88	18970.57086	Americas_Canada
1977	23796400	74.21	22090.88306	Americas_Canada
1982	25201900	75.76	22898.79214	Americas_Canada
1987	26549700	76.86	26626.51503	Americas_Canada
1992	28523502	77.95	26342.88426	Americas_Canada
1997	30305843	78.61	28954.92589	Americas_Canada
2002	31902268	79.77	33328.96507	Americas_Canada
2007	33390141	80.653	36319.23501	Americas_Canada
1952	1291695	35.463	1071.310713	Africa_Central African Republic
1957	1392284	37.464	1190.844328	Africa_Central African Republic
1962	1523478	39.475	1193.068753	Africa_Central African Republic
1967	1733638	41.478	1136.056615	Africa_Central African Republic
1972	1927260	43.457	1070.013275	Africa_Central African Republic
1977	2167533	46.775	1109.374338	Africa_Central african republic
1982	2476971	48.295	956.7529907	Africa_Central african republic
1987	2840009	50.485	844.8763504	Africa_Central african republic
1992	3265124	49.396	747.9055252	Africa_Central african republic
1997	3696513	46.066	740.5063317	Africa_Central African Republic
2002	4048013	43.308	738.6906068	Africa_Central African Republic
2007	4369038	44.741	706.016537	Africa_Central African Republic
1952	2682462	38.092	1178.665927	Africa_Chad
1957	2894855	39.881	1308.495577	Africa_Chad
1962	3150417	41.716	1389.817618	Africa_Chad
1967	3495967	43.601	1196.810565	Africa_Chad
1972	3899068	45.569	1104.103987	Africa_Chad
1977	4388260	47.383	1133.98495	Africa_Chad
1982	4875118	49.517	797.9081006	Africa_Chad
1987	5498955	51.051	952.386129	Africa_Chad
1992	6429417	51.724	1058.0643	Africa_Chad
1997	7562011	51.573	1004.961353	Africa_Chad
2002	8835739	50.525	1156.18186	Africa_Chad
2007	10238807	50.651	1704.063724	Africa_Chad
1952	6377619	54.745	3939.978789	Americas_Chile
1957	7048426	56.074	4315.622723	Americas_Chile
1962	7961258	57.924	4519.094331	Americas_Chile
1967	8858908	60.523	5106.654313	Americas_Chile
1972	9717524	63.441	5494.024437	Americas_Chile
1977	10599793	67.052	4756.763836	Americas_Chile
1982	11487112	70.565	5095.665738	Americas_Chile
1987	12463354	72.492	5547.063754	Americas_Chile
1992	13572994	74.126	7596.125964	Americas_Chile
1997	14599929	75.816	10118.05318	Americas_Chile
2002	15497046	77.86	10778.78385	Americas_Chile
2007	16284741	78.553	13171.63885	Americas_Chile
1952	556263527.999989	44	400.448610699994	Asia_China
1957	637408000	50.54896	575.9870009	Asia_China
1962	665770000	44.50136	487.6740183	Asia_China
1967	754550000	58.38112	612.7056934	Asia_China
1972	862030000	63.11888	676.9000921	Asia_China
1977	943455000	63.96736	741.2374699	Asia_china
1982	1000281000	65.525	962.4213805	Asia_china
1987	1084035000	67.274	1378.904018	Asia_china
1992	1164970000	68.69	1655.784158	Asia_china
1997	1230075000	70.426	2289.234136	Asia_China
2002	1280400000	72.028	3119.280896	Asia_China
2007	1318683096	72.961	4959.114854	Asia_China
1952	12350771	50.643	2144.115096	Americas_Colombia
1957	14485993	55.118	2323.805581	Americas_Colombia
1962	17009885	57.863	2492.351109	Americas_Colombia    
1967	19764027	59.963	2678.729839	Americas_Colombia    
1972	22542890	61.623	3264.660041	Americas_Colombia
1977	25094412	63.837	3815.80787	Americas_Colombia
1982	27764644	66.653	4397.575659	Americas_Colombia
1987	30964245	67.768	4903.2191	Americas_Colombia
1992	34202721	68.421	5444.648617	Americas_Colombia
1997	37657830	70.313	6117.361746	Americas_Colombia
2002	41008227	71.682	5755.259962	Americas_Colombia
2007	44227550	72.889	7006.580419	Americas_Colombia
1952	153936	40.715	1102.990936	Africa_Comoros
1957	170928	42.46	1211.148548	Africa_Comoros
1962	191689	44.467	1406.648278	Africa_Comoros
1967	217378	46.472	1876.029643	Africa_Comoros
1972	250027	48.944	1937.577675	Africa_Comoros
1977	304739	50.939	1172.603047	Africa_Comoros
1982	348643	52.933	1267.100083	Africa_Comoros
1987	395114	54.926	1315.980812	Africa_Comoros
1992	454429	57.939	1246.90737	Africa_Comoros
1997	527982	60.66	1173.618235	Africa_Comoros
2002	614382	62.974	1075.811558	Africa_Comoros
2007	710960	65.152	986.1478792	Africa_Comoros
1952	14100005	39.143	780.5423257	Africa_Congo, Dem. Rep.
1957	15577932	40.652	905.8602303	Africa_Congo, Dem. Rep.
1962	17486434	42.122	896.3146335	Africa_Congo, Dem. Rep.
1967	19941073	44.056	861.5932424	Africa_Congo, Dem. Rep.
1972	23007669	45.989	904.8960685	Africa_Democratic Republic of the Congo
1977	26480870	47.804	795.757282	Africa_Congo, Dem. Rep.
1982	30646495	47.784	673.7478181	Africa_Congo, Dem. Rep.
1987	35481645	47.412	672.774812	Africa_Congo, Dem. Rep.
1992	41672143	45.548	457.7191807	Africa_Congo, Dem. Rep.
1997	47798986	42.587	312.188423	Africa_Congo, Democratic Republic
2002	55379852	44.966	241.1658765	Africa_Congo, Dem. Rep.
2007	64606759	46.462	277.5518587	Africa_Congo, Dem. Rep.
1952	854885	42.111	2125.621418	Africa_Congo, Rep.
1957	940458	45.053	2315.056572	Africa_Congo, Rep.
1962	1047924	48.435	2464.783157	Africa_Congo, Rep.
1967	1179760	52.04	2677.939642	Africa_Congo, Rep.
1972	1340458	54.907	3213.152683	Africa_Congo, Rep.
1977	1536769	55.625	3259.178978	Africa_Congo, Rep.
1982	1774735	56.695	4879.507522	Africa_Congo, Rep.
1987	2064095	57.47	4201.194937	Africa_Congo, Rep.
1992	2409073	56.433	4016.239529	Africa_Congo, Rep.
1997	2800947	52.962	3484.164376	Africa_Congo, Rep.
2002	3328795	52.97	3484.06197	Africa_Congo, Rep.
2007	3800610	55.322	3632.557798	Africa_Congo, Rep.
1952	926317	57.206	2627.009471	Americas_Costa Rica
1957	1112300	60.026	2990.010802	Americas_Costa Rica
1962	1345187	62.842	3460.937025	Americas_Costa Rica
1967	1588717	65.424	4161.727834	Americas_Costa Rica
1972	1834796	67.849	5118.146939	Americas_Costa Rica
1977	2108457	70.75	5926.876967	Americas_Costa Rica
1982	2424367	73.45	5262.734751	Americas_Costa Rica
1987	2799811	74.752	5629.915318	Americas_Costa Rica
1992	3173216	75.713	6160.416317	Americas_Costa Rica
1997	3518107	77.26	6677.045314	Americas_Costa Rica
2002	3834934	78.123	7723.447195	Americas_Costa Rica
2007	4133884	78.782	9645.06142	Americas_Costa Rica
1952	2977019	40.477	1388.594732	Africa_Cote d'Ivoire
1957	3300000	42.469	1500.895925	Africa_Cote d'Ivoire
1962	3832408	44.93	1728.869428	Africa_Cote d'Ivoire
1967	4744870	47.35	2052.050473	Africa_Cote d'Ivoire
1972	6071696	49.801	2378.201111	Africa_Cote d'Ivoire
1977	7459574	52.374	2517.736547	Africa_Cote d'Ivoire
1982	9025951	53.983	2602.710169	Africa_Cote d'Ivoire
1987	10761098	54.655	2156.956069	Africa_Cote d'Ivoire
1992	12772596	52.044	1648.073791	Africa_Cote d'Ivoire
1997	14625967	47.991	1786.265407	Africa_Cote d'Ivore
2002	16252726	46.832	1648.800823	Africa_Cote d'Ivoire
2007	18013409	48.328	1544.750112	Africa_Cote d'Ivoire
1952	3882229	61.21	3119.23652	Europe_Croatia
1957	3991242	64.77	4338.231617	Europe_Croatia
1962	4076557	67.13	5477.890018	Europe_Croatia
1967	4174366	68.5	6960.297861	Europe_Croatia
1972	4225310	69.61	9164.090127	Europe_Croatia
1977	4318673	70.64	11305.38517	Europe_Croatia
1982	4413368	70.46	13221.82184	Europe_Croatia
1987	4484310	71.52	13822.58394	Europe_Croatia
1992	4494013	72.527	8447.794873	Europe_Croatia
1997	4444595	73.68	9875.604515	Europe_Croatia
2002	4481020	74.876	11628.38895	Europe_Croatia
2007	4493312	75.748	14619.22272	Europe_Croatia
1952	6007797	59.421	5586.53878	Americas_Cuba
1957	6640752	62.325	6092.174359	Americas_Cuba
1962	7254373	65.246	5180.75591	Americas_Cuba
1967	8139332	68.29	5690.268015	Americas_Cuba
1972	8831348	70.723	5305.445256	Americas_Cuba
1977	9537988	72.649	6380.494966	Americas_Cuba
1982	9789224	73.717	7316.918107	Americas_Cuba
1987	10239839	74.174	7532.924763	Americas_Cuba
1992	10723260	74.414	5592.843963	Americas_Cuba
1997	10983007	76.151	5431.990415	Americas_Cuba
2002	11226999	77.158	6340.646683	Americas_Cuba
2007	11416987	78.273	8948.102923	Americas_Cuba
1952	9125183	66.87	6876.14025	Europe_Czech Republic
1957	9513758	69.03	8256.343918	Europe_Czech Republic
1962	9620282	69.9	10136.86713	Europe_Czech Republic
1967	9835109	70.38	11399.44489	Europe_Czech Republic
1972	9862158	70.29	13108.4536	Europe_Czech Republic
1977	10161915	70.71	14800.16062	Europe_Czech Republic
1982	10303704	70.96	15377.22855	Europe_Czech Republic
1987	10311597	71.58	16310.4434	Europe_Czech Republic
1992	10315702	72.4	14297.02122	Europe_Czech Republic
1997	10300707	74.01	16048.51424	Europe_Czech Republic
2002	10256295	75.51	17596.21022	Europe_Czech Republic
2007	10228744	76.486	22833.30851	Europe_Czech Republic
1952	4334000	70.78	9692.385245	Europe_Denmark
1957	4487831	71.81	11099.65935	Europe_Denmark
1962	4646899	72.35	13583.31351	Europe_Denmark
1967	4838800	72.96	15937.21123	Europe_Denmark
1972	4991596	73.47	18866.20721	Europe_Denmark
1977	5088419	74.69	20422.9015	Europe_Denmark
1982	5117810	74.63	21688.04048	Europe_Denmark
1987	5127024	74.8	25116.17581	Europe_Denmark
1992	5171393	75.33	26406.73985	Europe_Denmark
1997	5283663	76.11	29804.34567	Europe_Denmark
2002	5374693	77.18	32166.50006	Europe_Denmark
2007	5468120	78.332	35278.41874	Europe_Denmark
1952	63149	34.812	2669.529475	Africa_Djibouti
1957	71851	37.328	2864.969076	Africa_Djibouti
1962	89898	39.693	3020.989263	Africa_Djibouti
1967	127617	42.074	3020.050513	Africa_Djibouti
1972	178848	44.366	3694.212352	Africa_Djibouti
1977	228694	46.519	3081.761022	Africa_Djibouti
1982	305991	48.812	2879.468067	Africa_Djibouti
1987	311025	50.04	2880.102568	Africa_Djibouti
1992	384156	51.604	2377.156192	Africa_Djibouti
1997	417908	53.157	1895.016984	Africa_Djibouti
2002	447416	53.373	1908.260867	Africa_Djibouti
2007	496374	54.791	2082.481567	Africa_Djibouti
1952	2491346	45.928	1397.717137	Americas_Dominican Republic
1957	2923186	49.828	1544.402995	Americas_Dominican Republic
1962	3453434	53.459	1662.137359	Americas_Dominican Republic
1967	4049146	56.751	1653.723003	Americas_Dominican Republic
1972	4671329	59.631	2189.874499	Americas_Dominican Republic
1977	5302800	61.788	2681.9889	Americas_Dominican Republic
1982	5968349	63.727	2861.092386	Americas_Dominican Republic
1987	6655297	66.046	2899.842175	Americas_Dominican Republic
1992	7351181	68.457	3044.214214	Americas_Dominican Republic
1997	7992357	69.957	3614.101285	Americas_Dominican Republic
2002	8650322	70.847	4563.808154	Americas_Dominican Republic
2007	9319622	72.235	6025.374752	Americas_Dominican Republic
1952	3548753	48.357	3522.110717	Americas_Ecuador
1957	4058385	51.356	3780.546651	Americas_Ecuador
1962	4681707	54.64	4086.114078	Americas_Ecuador
1967	5432424	56.678	4579.074215	Americas_Ecuador
1972	6298651	58.796	5280.99471	Americas_Ecuador
1977	7278866	61.31	6679.62326	Americas_Ecuador
1982	8365850	64.342	7213.791267	Americas_Ecuador
1987	9545158	67.231	6481.776993	Americas_Ecuador
1992	10748394	69.613	7103.702595	Americas_Ecuador
1997	11911819	72.312	7429.455877	Americas_Ecuador
2002	12921234	74.173	5773.044512	Americas_Ecuador
2007	13755680	74.994	6873.262326	Americas_Ecuador
1952	22223309	41.893	1418.822445	Africa_Egypt
1957	25009741	44.444	1458.915272	Africa_Egypt
1962	28173309	46.992	1693.335853	Africa_Egypt
1967	31681188	49.293	1814.880728	Africa_Egypt
1972	34807417	51.137	2024.008147	Africa_Egypt
1977	38783863	53.319	2785.493582	Africa_Egypt
1982	45681811	56.006	3503.729636	Africa_Egypt
1987	52799062	59.797	3885.46071	Africa_Egypt
1992	59402198	63.674	3794.755195	Africa_Egypt
1997	66134291	67.217	4173.181797	Africa_Egypt
2002	73312559	69.806	4754.604414	Africa_Egypt
2007	80264543	71.338	5581.180998	Africa_Egypt
1952	2042865	45.262	3048.3029	Americas_El Salvador
1957	2355805	48.57	3421.523218	Americas_El Salvador
1962	2747687	52.307	3776.803627	Americas_El Salvador
1967	3232927	55.855	4358.595393	Americas_El Salvador
1972	3790903	58.207	4520.246008	Americas_El Salvador
1977	4282586	56.696	5138.922374	Americas_El Salvador
1982	4474873	56.604	4098.344175	Americas_El Salvador
1987	4842194	63.154	4140.442097	Americas_El Salvador
1992	5274649	66.798	4444.2317	Americas_El Salvador
1997	5783439	69.535	5154.825496	Americas_El Salvador
2002	6353681	70.734	5351.568666	Americas_El Salvador
2007	6939688	71.878	5728.353514	Americas_El Salvador
1952	216964	34.482	375.6431231	Africa_Equatorial Guinea
1957	232922	35.983	426.0964081	Africa_Equatorial Guinea
1962	249220	37.485	582.8419714	Africa_Equatorial Guinea
1967	259864	38.987	915.5960025	Africa_Equatorial Guinea
1972	277603	40.516	672.4122571	Africa_Equatorial Guinea
1977	192675	42.024	958.5668124	Africa_Equatorial Guinea
1982	285483	43.662	927.8253427	Africa_Equatorial Guinea
1987	341244	45.664	966.8968149	Africa_Equatorial Guinea
1992	387838	47.545	1132.055034	Africa_Equatorial Guinea
1997	439971	48.245	2814.480755	Africa_Equatorial Guinea
2002	495627	49.348	7703.4959	Africa_Equatorial Guinea
2007	551201	51.579	12154.08975	Africa_Equatorial Guinea
1952	1438760	35.928	328.9405571	Africa_Eritrea
1957	1542611	38.047	344.1618859	Africa_Eritrea
1962	1666618	40.158	380.9958433	Africa_Eritrea
1967	1820319	42.189	468.7949699	Africa_Eritrea
1972	2260187	44.142	514.3242082	Africa_Eritrea
1977	2512642	44.535	505.7538077	Africa_Eritrea
1982	2637297	43.89	524.8758493	Africa_Eritrea
1987	2915959	46.453	521.1341333	Africa_Eritrea
1992	3668440	49.991	582.8585102	Africa_Eritrea
1997	4058319	53.378	913.47079	Africa_Eritrea
2002	4414865	55.24	765.3500015	Africa_Eritrea
2007	4906585	58.04	641.3695236	Africa_Eritrea
1952	20860941	34.078	362.1462796	Africa_Ethiopia
1957	22815614	36.667	378.9041632	Africa_Ethiopia
1962	25145372	40.059	419.4564161	Africa_Ethiopia
1967	27860297	42.115	516.1186438	Africa_Ethiopia
1972	30770372	43.515	566.2439442	Africa_Ethiopia
1977	34617799	44.51	556.8083834	Africa_Ethiopia
1982	38111756	44.916	577.8607471	Africa_Ethiopia
1987	42999530	46.684	573.7413142	Africa_Ethiopia
1992	52088559	48.091	421.3534653	Africa_Ethiopia
1997	59861301	49.402	515.8894013	Africa_Ethiopia
2002	67946797	50.725	530.0535319	Africa_Ethiopia
2007	76511887	52.947	690.8055759	Africa_Ethiopia
1952	4090500	66.55	6424.519071	Europe_Finland
1957	4324000	67.49	7545.415386	Europe_Finland
1962	4491443	68.75	9371.842561	Europe_Finland
1967	4605744	69.83	10921.63626	Europe_Finland
1972	4639657	70.87	14358.8759	Europe_Finland
1977	4738902	72.52	15605.42283	Europe_Finland
1982	4826933	74.55	18533.15761	Europe_Finland
1987	4931729	74.83	21141.01223	Europe_Finland
1992	5041039	75.7	20647.16499	Europe_Finland
1997	5134406	77.13	23723.9502	Europe_Finland
2002	5193039	78.37	28204.59057	Europe_Finland
2007	5238460	79.313	33207.0844	Europe_Finland
1952	42459667	67.41	7029.809327	Europe_France
1957	44310863	68.93	8662.834898	Europe_France
1962	47124000	70.51	10560.48553	Europe_France
1967	49569000	71.55	12999.91766	Europe_France
1972	51732000	72.38	16107.19171	Europe_France
1977	53165019	73.83	18292.63514	Europe_France
1982	54433565	74.89	20293.89746	Europe_France
1987	55630100	76.34	22066.44214	Europe_France
1992	57374179	77.46	24703.79615	Europe_France
1997	58623428	78.64	25889.78487	Europe_France
2002	59925035	79.59	28926.03234	Europe_France
2007	61083916	80.657	30470.0167	Europe_France
1952	420702	37.003	4293.476475	Africa_Gabon
1957	434904	38.999	4976.198099	Africa_Gabon
1962	455661	40.489	6631.459222	Africa_Gabon
1967	489004	44.598	8358.761987	Africa_Gabon
1972	537977	48.69	11401.94841	Africa_Gabon
1977	706367	52.79	21745.57328	Africa_Gabon
1982	753874	56.564	15113.36194	Africa_Gabon
1987	880397	60.19	11864.40844	Africa_Gabon
1992	985739	61.366	13522.15752	Africa_Gabon
1997	1126189	60.461	14722.84188	Africa_Gabon
2002	1299304	56.761	12521.71392	Africa_Gabon
2007	1454867	56.735	13206.48452	Africa_Gabon
1952	284320	30	485.2306591	Africa_Gambia
1957	323150	32.065	520.9267111	Africa_Gambia
1962	374020	33.896	599.650276	Africa_Gambia
1967	439593	35.857	734.7829124	Africa_Gambia
1972	517101	38.308	756.0868363	Africa_Gambia
1977	608274	41.842	884.7552507	Africa_Gambia
1982	715523	45.58	835.8096108	Africa_Gambia
1987	848406	49.265	611.6588611	Africa_Gambia
1992	1025384	52.644	665.6244126	Africa_Gambia
1997	1235767	55.861	653.7301704	Africa_Gambia
2002	1457766	58.041	660.5855997	Africa_Gambia
2007	1688359	59.448	752.7497265	Africa_Gambia
1952	69145952	67.5	7144.114393	Europe_Germany
1957	71019069	69.1	10187.82665	Europe_Germany
1962	73739117	70.3	12902.46291	Europe_Germany
1967	76368453	70.8	14745.62561	Europe_Germany
1972	78717088	71	18016.18027	Europe_Germany
1977	78160773	72.5	20512.92123	Europe_Germany
1982	78335266	73.8	22031.53274	Europe_Germany
1987	77718298	74.847	24639.18566	Europe_Germany
1992	80597764	76.07	26505.30317	Europe_Germany
1997	82011073	77.34	27788.88416	Europe_Germany
2002	82350671	78.67	30035.80198	Europe_Germany
2007	82400996	79.406	32170.37442	Europe_Germany
1952	5581001	43.149	911.2989371	Africa_Ghana
1957	6391288	44.779	1043.561537	Africa_Ghana
1962	7355248	46.452	1190.041118	Africa_Ghana
1967	8490213	48.072	1125.69716	Africa_Ghana
1972	9354120	49.875	1178.223708	Africa_Ghana
1977	10538093	51.756	993.2239571	Africa_Ghana
1982	11400338	53.744	876.032569	Africa_Ghana
1987	14168101	55.729	847.0061135	Africa_Ghana
1992	16278738	57.501	925.060154	Africa_Ghana
1997	18418288	58.556	1005.245812	Africa_Ghana
2002	20550751	58.453	1111.984578	Africa_Ghana
2007	22873338	60.022	1327.60891	Africa_Ghana
1952	7733250	65.86	3530.690067	Europe_Greece
1957	8096218	67.86	4916.299889	Europe_Greece
1962	8448233	69.51	6017.190733	Europe_Greece
1967	8716441	71	8513.097016	Europe_Greece
1972	8888628	72.34	12724.82957	Europe_Greece
1977	9308479	73.68	14195.52428	Europe_Greece
1982	9786480	75.24	15268.42089	Europe_Greece
1987	9974490	76.67	16120.52839	Europe_Greece
1992	10325429	77.03	17541.49634	Europe_Greece
1997	10502372	77.869	18747.69814	Europe_Greece
2002	10603863	78.256	22514.2548	Europe_Greece
2007	10706290	79.483	27538.41188	Europe_Greece
1952	3146381	42.023	2428.237769	Americas_Guatemala
1957	3640876	44.142	2617.155967	Americas_Guatemala
1962	4208858	46.954	2750.364446	Americas_Guatemala
1967	4690773	50.016	3242.531147	Americas_Guatemala
1972	5149581	53.738	4031.408271	Americas_Guatemala
1977	5703430	56.029	4879.992748	Americas_Guatemala
1982	6395630	58.137	4820.49479	Americas_Guatemala
1987	7326406	60.782	4246.485974	Americas_Guatemala
1992	8486949	63.373	4439.45084	Americas_Guatemala
1997	9803875	66.322	4684.313807	Americas_Guatemala
2002	11178650	68.978	4858.347495	Americas_Guatemala
2007	12572928	70.259	5186.050003	Americas_Guatemala
1952	2664249	33.609	510.1964923	Africa_Guinea
1957	2876726	34.558	576.2670245	Africa_Guinea
1962	3140003	35.753	686.3736739	Africa_Guinea
1967	3451418	37.197	708.7595409	Africa_Guinea
1972	3811387	38.842	741.6662307	Africa_Guinea
1977	4227026	40.762	874.6858643	Africa_Guinea
1982	4710497	42.891	857.2503577	Africa_Guinea
1987	5650262	45.552	805.5724718	Africa_Guinea
1992	6990574	48.576	794.3484384	Africa_Guinea
1997	8048834	51.455	869.4497668	Africa_Guinea
2002	8807818	53.676	945.5835837	Africa_Guinea
2007	9947814	56.007	942.6542111	Africa_Guinea
1952	580653	32.5	299.850319	Africa_Guinea-Bissau
1957	601095	33.489	431.7904566	Africa_Guinea-Bissau
1962	627820	34.488	522.0343725	Africa_Guinea-Bissau
1967	601287	35.492	715.5806402	Africa_Guinea-Bissau
1972	625361	36.486	820.2245876	Africa_Guinea-Bissau
1977	745228	37.465	764.7259628	Africa_Guinea-Bissau
1982	825987	39.327	838.1239671	Africa_Guinea-Bissau
1987	927524	41.245	736.4153921	Africa_Guinea-Bissau
1992	1050938	43.266	745.5398706	Africa_Guinea-Bissau
1997	1193708	44.873	796.6644681	Africa_Guinea-Bissau
2002	1332459	45.504	575.7047176	Africa_Guinea-Bissau
2007	1472041	46.388	579.231743	Africa_Guinea-Bissau
1952	3201488	37.579	1840.366939	Americas_Haiti
1957	3507701	40.696	1726.887882	Americas_Haiti
1962	3880130	43.59	1796.589032	Americas_Haiti
1967	4318137	46.243	1452.057666	Americas_Haiti
1972	4698301	48.042	1654.456946	Americas_Haiti
1977	4908554	49.923	1874.298931	Americas_Haiti
1982	5198399	51.461	2011.159549	Americas_Haiti
1987	5756203	53.636	1823.015995	Americas_Haiti
1992	6326682	55.089	1456.309517	Americas_Haiti
1997	6913545	56.671	1341.726931	Americas_Haiti
2002	7607651	58.137	1270.364932	Americas_Haiti
2007	8502814	60.916	1201.637154	Americas_Haiti
1952	1517453	41.912	2194.926204	Americas_Honduras
1957	1770390	44.665	2220.487682	Americas_Honduras
1962	2090162	48.041	2291.156835	Americas_Honduras
1967	2500689	50.924	2538.269358	Americas_Honduras
1972	2965146	53.884	2529.842345	Americas_Honduras
1977	3055235	57.402	3203.208066	Americas_Honduras
1982	3669448	60.909	3121.760794	Americas_Honduras
1987	4372203	64.492	3023.096699	Americas_Honduras
1992	5077347	66.399	3081.694603	Americas_Honduras
1997	5867957	67.659	3160.454906	Americas_Honduras
2002	6677328	68.565	3099.72866	Americas_Honduras
2007	7483763	70.198	3548.330846	Americas_Honduras
1952	2125900	60.96	3054.421209	Asia_Hong Kong, China
1957	2736300	64.75	3629.076457	Asia_Hong Kong, China
1962	3305200	67.65	4692.648272	Asia_Hong Kong, China
1967	3722800	70	6197.962814	Asia_Hong Kong, China
1972	4115700	72	8315.928145	Asia_Hong Kong, China
1977	4583700	73.6	11186.14125	Asia_Hong Kong, China
1982	5264500	75.45	14560.53051	Asia_Hong Kong, China
1987	5584510	76.2	20038.47269	Asia_Hong Kong, China
1992	5829696	77.601	24757.60301	Asia_Hong Kong, China
1997	6495918	80	28377.63219	Asia_Hong Kong, China
2002	6762476	81.495	30209.01516	Asia_Hong Kong, China
2007	6980412	82.208	39724.97867	Asia_Hong Kong, China
1952	9504000	64.03	5263.673816	Europe_Hungary
1957	9839000	66.41	6040.180011	Europe_Hungary
1962	10063000	67.96	7550.359877	Europe_Hungary
1967	10223422	69.5	9326.64467	Europe_Hungary
1972	10394091	69.76	10168.65611	Europe_Hungary
1977	10637171	69.95	11674.83737	Europe_Hungary
1982	10705535	69.39	12545.99066	Europe_Hungary
1987	10612740	69.58	12986.47998	Europe_Hungary
1992	10348684	69.17	10535.62855	Europe_Hungary
1997	10244684	71.04	11712.7768	Europe_Hungary
2002	10083313	72.59	14843.93556	Europe_Hungary
2007	9956108	73.338	18008.94444	Europe_Hungary
1952	147962	72.49	7267.688428	Europe_Iceland
1957	165110	73.47	9244.001412	Europe_Iceland
1962	182053	73.68	10350.15906	Europe_Iceland
1967	198676	73.73	13319.89568	Europe_Iceland
1972	209275	74.46	15798.06362	Europe_Iceland
1977	221823	76.11	19654.96247	Europe_Iceland
1982	233997	76.99	23269.6075	Europe_Iceland
1987	244676	77.23	26923.20628	Europe_Iceland
1992	259012	78.77	25144.39201	Europe_Iceland
1997	271192	78.95	28061.09966	Europe_Iceland
2002	288030	80.5	31163.20196	Europe_Iceland
2007	301931	81.757	36180.78919	Europe_Iceland
1952	3.72e+08	37.373	546.5657493	Asia_India
1957	4.09e+08	40.249	590.061996	Asia_India
1962	4.54e+08	43.605	658.3471509	Asia_India
1967	5.06e+08	47.193	700.7706107	Asia_India
1972	5.67e+08	50.651	724.032527	Asia_India
1977	6.34e+08	54.208	813.337323	Asia_India
1982	7.08e+08	56.596	855.7235377	Asia_India
1987	7.88e+08	58.553	976.5126756	Asia_India
1992	8.72e+08	60.223	1164.406809	Asia_India
1997	9.59e+08	61.765	1458.817442	Asia_India
2002	1034172547	62.879	1746.769454	Asia_India
2007	1110396331	64.698	2452.210407	Asia_India
1952	82052000	37.468	749.6816546	Asia_Indonesia
1957	90124000	39.918	858.9002707	Asia_Indonesia
1962	99028000	42.518	849.2897701	Asia_Indonesia
1967	109343000	45.964	762.4317721	Asia_Indonesia
1972	121282000	49.203	1111.107907	Asia_Indonesia
1977	136725000	52.702	1382.702056	Asia_Indonesia
1982	153343000	56.159	1516.872988	Asia_Indonesia
1987	169276000	60.137	1748.356961	Asia_Indonesia
1992	184816000	62.681	2383.140898	Asia_Indonesia
1997	199278000	66.041	3119.335603	Asia_Indonesia
2002	211060000	68.588	2873.91287	Asia_Indonesia
2007	223547000	70.65	3540.651564	Asia_Indonesia
1952	17272000	44.869	3035.326002	Asia_Iran
1957	19792000	47.181	3290.257643	Asia_Iran
1962	22874000	49.325	4187.329802	Asia_Iran
1967	26538000	52.469	5906.731805	Asia_Iran
1972	30614000	55.234	9613.818607	Asia_Iran
1977	35480679	57.702	11888.59508	Asia_Iran
1982	43072751	59.62	7608.334602	Asia_Iran
1987	51889696	63.04	6642.881371	Asia_Iran
1992	60397973	65.742	7235.653188	Asia_Iran
1997	63327987	68.042	8263.590301	Asia_Iran
2002	66907826	69.451	9240.761975	Asia_Iran
2007	69453570	70.964	11605.71449	Asia_Iran
1952	5441766	45.32	4129.766056	Asia_Iraq
1957	6248643	48.437	6229.333562	Asia_Iraq
1962	7240260	51.457	8341.737815	Asia_Iraq
1967	8519282	54.459	8931.459811	Asia_Iraq
1972	10061506	56.95	9576.037596	Asia_Iraq
1977	11882916	60.413	14688.23507	Asia_Iraq
1982	14173318	62.038	14517.90711	Asia_Iraq
1987	16543189	65.044	11643.57268	Asia_Iraq
1992	17861905	59.461	3745.640687	Asia_Iraq
1997	20775703	58.811	3076.239795	Asia_Iraq
2002	24001816	57.046	4390.717312	Asia_Iraq
2007	27499638	59.545	4471.061906	Asia_Iraq
1952	2952156	66.91	5210.280328	Europe_Ireland
1957	2878220	68.9	5599.077872	Europe_Ireland
1962	2830000	70.29	6631.597314	Europe_Ireland
1967	2900100	71.08	7655.568963	Europe_Ireland
1972	3024400	71.28	9530.772896	Europe_Ireland
1977	3271900	72.03	11150.98113	Europe_Ireland
1982	3480000	73.1	12618.32141	Europe_Ireland
1987	3539900	74.36	13872.86652	Europe_Ireland
1992	3557761	75.467	17558.81555	Europe_Ireland
1997	3667233	76.122	24521.94713	Europe_Ireland
2002	3879155	77.783	34077.04939	Europe_Ireland
2007	4109086	78.885	40675.99635	Europe_Ireland
1952	1620914	65.39	4086.522128	Asia_Israel
1957	1944401	67.84	5385.278451	Asia_Israel
1962	2310904	69.39	7105.630706	Asia_Israel
1967	2693585	70.75	8393.741404	Asia_Israel
1972	3095893	71.63	12786.93223	Asia_Israel
1977	3495918	73.06	13306.61921	Asia_Israel
1982	3858421	74.45	15367.0292	Asia_Israel
1987	4203148	75.6	17122.47986	Asia_Israel
1992	4936550	76.93	18051.52254	Asia_Israel
1997	5531387	78.269	20896.60924	Asia_Israel
2002	6029529	79.696	21905.59514	Asia_Israel
2007	6426679	80.745	25523.2771	Asia_Israel
1952	47666000	65.94	4931.404155	Europe_Italy
1957	49182000	67.81	6248.656232	Europe_Italy
1962	50843200	69.24	8243.58234	Europe_Italy
1967	52667100	71.06	10022.40131	Europe_Italy
1972	54365564	72.19	12269.27378	Europe_Italy
1977	56059245	73.48	14255.98475	Europe_Italy
1982	56535636	74.98	16537.4835	Europe_Italy
1987	56729703	76.42	19207.23482	Europe_Italy
1992	56840847	77.44	22013.64486	Europe_Italy
1997	57479469	78.82	24675.02446	Europe_Italy
2002	57926999	80.24	27968.09817	Europe_Italy
2007	58147733	80.546	28569.7197	Europe_Italy
1952	1426095	58.53	2898.530881	Americas_Jamaica
1957	1535090	62.61	4756.525781	Americas_Jamaica
1962	1665128	65.61	5246.107524	Americas_Jamaica
1967	1861096	67.51	6124.703451	Americas_Jamaica
1972	1997616	69	7433.889293	Americas_Jamaica
1977	2156814	70.11	6650.195573	Americas_Jamaica
1982	2298309	71.21	6068.05135	Americas_Jamaica
1987	2326606	71.77	6351.237495	Americas_Jamaica
1992	2378618	71.766	7404.923685	Americas_Jamaica
1997	2531311	72.262	7121.924704	Americas_Jamaica
2002	2664659	72.047	6994.774861	Americas_Jamaica
2007	2780132	72.567	7320.880262	Americas_Jamaica
1952	86459025	63.03	3216.956347	Asia_Japan
1957	91563009	65.5	4317.694365	Asia_Japan
1962	95831757	68.73	6576.649461	Asia_Japan
1967	100825279	71.43	9847.788607	Asia_Japan
1972	107188273	73.42	14778.78636	Asia_Japan
1977	113872473	75.38	16610.37701	Asia_Japan
1982	118454974	77.11	19384.10571	Asia_Japan
1987	122091325	78.67	22375.94189	Asia_Japan
1992	124329269	79.36	26824.89511	Asia_Japan
1997	125956499	80.69	28816.58499	Asia_Japan
2002	127065841	82	28604.5919	Asia_Japan
2007	127467972	82.603	31656.06806	Asia_Japan
1952	607914	43.158	1546.907807	Asia_Jordan
1957	746559	45.669	1886.080591	Asia_Jordan
1962	933559	48.126	2348.009158	Asia_Jordan
1967	1255058	51.629	2741.796252	Asia_Jordan
1972	1613551	56.528	2110.856309	Asia_Jordan
1977	1937652	61.134	2852.351568	Asia_Jordan
1982	2347031	63.739	4161.415959	Asia_Jordan
1987	2820042	65.869	4448.679912	Asia_Jordan
1992	3867409	68.015	3431.593647	Asia_Jordan
1997	4526235	69.772	3645.379572	Asia_Jordan
2002	5307470	71.263	3844.917194	Asia_Jordan
2007	6053193	72.535	4519.461171	    Asia_Jordan
1952	6464046	42.27	853.540919	Africa_Kenya
1957	7454779	44.686	944.4383152	Africa_Kenya
1962	8678557	47.949	896.9663732	Africa_Kenya
1967	10191512	50.654	1056.736457	Africa_Kenya
1972	12044785	53.559	1222.359968	Africa_Kenya
1977	14500404	56.155	1267.613204	Africa_Kenya
1982	17661452	58.766	1348.225791	Africa_Kenya
1987	21198082	59.339	1361.936856	Africa_Kenya
1992	25020539	59.285	1341.921721	Africa_Kenya
1997	28263827	54.407	1360.485021	Africa_Kenya
2002	31386842	50.992	1287.514732	Africa_Kenya
2007	35610177	54.11	1463.249282	Africa_Kenya
1952	8865488	50.056	1088.277758	    Asia_Korea, Dem. Rep.
1957	9411381	54.081	1571.134655	    Asia_Korea, Dem. Rep.
1962	10917494	56.656	1621.693598	Asia_Korea, Dem. Rep.
1967	12617009	59.942	2143.540609	Asia_Korea, Dem. Rep.
1972	14781241	63.983	3701.621503	Asia_Korea, Dem. Rep.
1977	16325320	67.159	4106.301249	Asia_Korea, Dem. Rep.
1982	17647518	69.1	4106.525293	Asia_Korea, Dem. Rep.
1987	19067554	70.647	4106.492315	Asia_Korea, Dem. Rep.
1992	20711375	69.978	3726.063507	Asia_Korea, Dem. Rep.
1997	21585105	67.727	1690.756814	Asia_Korea, Dem. Rep.
2002	22215365	66.662	1646.758151	Asia_Korea, Dem. Rep.
2007	23301725	67.297	1593.06548	Asia_Korea, Dem. Rep.
1952	20947571	47.453	1030.592226	Asia_Korea, Rep.
1957	22611552	52.681	1487.593537	Asia_Korea, Rep.
1962	26420307	55.292	1536.344387	Asia_Korea, Rep.
1967	30131000	57.716	2029.228142	Asia_Korea, Rep.
1972	33505000	62.612	3030.87665	Asia_Korea, Rep.
1977	36436000	64.766	4657.22102	Asia_Korea, Rep.
1982	39326000	67.123	5622.942464	Asia_Korea, Rep.
1987	41622000	69.81	8533.088805	Asia_Korea, Rep.
1992	43805450	72.244	12104.27872	Asia_Korea, Rep.
1997	46173816	74.647	15993.52796	Asia_Korea, Rep.
2002	47969150	77.045	19233.98818	Asia_Korea, Rep.
2007	49044790	78.623	23348.13973	Asia_Korea, Rep.
1952	160000	55.565	108382.3529	Asia_Kuwait
1957	212846	58.033	113523.1329	Asia_Kuwait
1962	358266	60.47	95458.11176	Asia_Kuwait
1967	575003	64.624	80894.88326	Asia_Kuwait
1972	841934	67.712	109347.867	Asia_Kuwait
1977	1140357	69.343	59265.47714	Asia_Kuwait
1982	1497494	71.309	31354.03573	Asia_Kuwait
1987	1891487	74.174	28118.42998	Asia_Kuwait
1992	1418095	75.19	34932.91959	Asia_Kuwait
1997	1765345	76.156	40300.61996	Asia_Kuwait
2002	2111561	76.904	35110.10566	Asia_Kuwait
2007	2505559	77.588	47306.98978	Asia_Kuwait
1952	1439529	55.928	4834.804067	Asia_Lebanon
1957	1647412	59.489	6089.786934	Asia_Lebanon
1962	1886848	62.094	5714.560611	Asia_Lebanon
1967	2186894	63.87	6006.983042	Asia_Lebanon
1972	2680018	65.421	7486.384341	Asia_Lebanon
1977	3115787	66.099	8659.696836	Asia_Lebanon
1982	3086876	66.983	7640.519521	Asia_Lebanon
1987	3089353	67.926	5377.091329	Asia_Lebanon
1992	3219994	69.292	6890.806854	Asia_Lebanon
1997	3430388	70.265	8754.96385	Asia_Lebanon
2002	3677780	71.028	9313.93883	Asia_Lebanon
2007	3921278	71.993	10461.05868	Asia_Lebanon
1952	748747	42.138	298.8462121	Africa_Lesotho
1957	813338	45.047	335.9971151	Africa_Lesotho
1962	893143	47.747	411.8006266	Africa_Lesotho
1967	996380	48.492	498.6390265	Africa_Lesotho
1972	1116779	49.767	496.5815922	Africa_Lesotho
1977	1251524	52.208	745.3695408	Africa_Lesotho
1982	1411807	55.078	797.2631074	Africa_Lesotho
1987	1599200	57.18	773.9932141	Africa_Lesotho
1992	1803195	59.685	977.4862725	Africa_Lesotho
1997	1982823	55.558	1186.147994	Africa_Lesotho
2002	2046772	44.593	1275.184575	Africa_Lesotho
2007	2012649	42.592	1569.331442	Africa_Lesotho
1952	863308	38.48	575.5729961	Africa_Liberia
1957	975950	39.486	620.9699901	Africa_Liberia
1962	1112796	40.502	634.1951625	Africa_Liberia
1967	1279406	41.536	713.6036483	Africa_Liberia
1972	1482628	42.614	803.0054535	Africa_Liberia
1977	1703617	43.764	640.3224383	Africa_Liberia
1982	1956875	44.852	572.1995694	Africa_Liberia
1987	2269414	46.027	506.1138573	Africa_Liberia
1992	1912974	40.802	636.6229191	Africa_Liberia
1997	2200725	42.221	609.1739508	Africa_Liberia
2002	2814651	43.753	531.4823679	Africa_Liberia
2007	3193942	45.678	414.5073415	Africa_Liberia
1952	1019729	42.723	2387.54806	Africa_Libya
1957	1201578	45.289	3448.284395	Africa_Libya
1962	1441863	47.808	6757.030816	Africa_Libya
1967	1759224	50.227	18772.75169	Africa_Libya
1972	2183877	52.773	21011.49721	Africa_Libya
1977	2721783	57.442	21951.21176	Africa_Libya
1982	3344074	62.155	17364.27538	Africa_Libya
1987	3799845	66.234	11770.5898	Africa_Libya
1992	4364501	68.755	9640.138501	Africa_Libya
1997	4759670	71.555	9467.446056	Africa_Libya
2002	5368585	72.737	9534.677467	Africa_Libya
2007	6036914	73.952	12057.49928	Africa_Libya
1952	4762912	36.681	1443.011715	Africa_Madagascar
1957	5181679	38.865	1589.20275	Africa_Madagascar
1962	5703324	40.848	1643.38711	Africa_Madagascar
1967	6334556	42.881	1634.047282	Africa_Madagascar
1972	7082430	44.851	1748.562982	Africa_Madagascar
1977	8007166	46.881	1544.228586	Africa_Madagascar
1982	9171477	48.969	1302.878658	Africa_Madagascar
1987	10568642	49.35	1155.441948	Africa_Madagascar
1992	12210395	52.214	1040.67619	Africa_Madagascar
1997	14165114	54.978	986.2958956	Africa_Madagascar
2002	16473477	57.286	894.6370822	Africa_Madagascar
2007	19167654	59.443	1044.770126	Africa_Madagascar
1952	2917802	36.256	369.1650802	Africa_Malawi
1957	3221238	37.207	416.3698064	Africa_Malawi
1962	3628608	38.41	427.9010856	Africa_Malawi
1967	4147252	39.487	495.5147806	Africa_Malawi
1972	4730997	41.766	584.6219709	Africa_Malawi
1977	5637246	43.767	663.2236766	Africa_Malawi
1982	6502825	45.642	632.8039209	Africa_Malawi
1987	7824747	47.457	635.5173634	Africa_Malawi
1992	10014249	49.42	563.2000145	Africa_Malawi
1997	10419991	47.495	692.2758103	Africa_Malawi
2002	11824495	45.009	665.4231186	Africa_Malawi
2007	13327079	48.303	759.3499101	Africa_Malawi
1952	6748378	48.463	1831.132894	Asia_Malaysia
1957	7739235	52.102	1810.066992	Asia_Malaysia
1962	8906385	55.737	2036.884944	Asia_Malaysia
1967	10154878	59.371	2277.742396	Asia_Malaysia
1972	11441462	63.01	2849.09478	Asia_Malaysia
1977	12845381	65.256	3827.921571	Asia_Malaysia
1982	14441916	68	4920.355951	Asia_Malaysia
1987	16331785	69.5	5249.802653	Asia_Malaysia
1992	18319502	70.693	7277.912802	Asia_Malaysia
1997	20476091	71.938	10132.90964	Asia_Malaysia
2002	22662365	73.044	10206.97794	Asia_Malaysia
2007	24821286	74.241	12451.6558	Asia_Malaysia
1952	3838168	33.685	452.3369807	Africa_Mali
1957	4241884	35.307	490.3821867	Africa_Mali
1962	4690372	36.936	496.1743428	Africa_Mali
1967	5212416	38.487	545.0098873	Africa_Mali
1972	5828158	39.977	581.3688761	Africa_Mali
1977	6491649	41.714	686.3952693	Africa_Mali
1982	6998256	43.916	618.0140641	Africa_Mali
1987	7634008	46.364	684.1715576	Africa_Mali
1992	8416215	48.388	739.014375	Africa_Mali
1997	9384984	49.903	790.2579846	Africa_Mali
2002	10580176	51.818	951.4097518	Africa_Mali
2007	12031795	54.467	1042.581557	Africa_Mali
1952	1022556	40.543	743.1159097	Africa_Mauritania
1957	1076852	42.338	846.1202613	Africa_Mauritania
1962	1146757	44.248	1055.896036	Africa_Mauritania
1967	1230542	46.289	1421.145193	Africa_Mauritania
1972	1332786	48.437	1586.851781	Africa_Mauritania
1977	1456688	50.852	1497.492223	Africa_Mauritania
1982	1622136	53.599	1481.150189	Africa_Mauritania
1987	1841240	56.145	1421.603576	Africa_Mauritania
1992	2119465	58.333	1361.369784	Africa_Mauritania
1997	2444741	60.43	1483.136136	Africa_Mauritania
2002	2828858	62.247	1579.019543	Africa_Mauritania
2007	3270065	64.164	1803.151496	Africa_Mauritania
1952	516556	50.986	1967.955707	Africa_Mauritius
1957	609816	58.089	2034.037981	Africa_Mauritius
1962	701016	60.246	2529.067487	Africa_Mauritius
1967	789309	61.557	2475.387562	Africa_Mauritius
1972	851334	62.944	2575.484158	Africa_Mauritius
1977	913025	64.93	3710.982963	Africa_Mauritius
1982	992040	66.711	3688.037739	Africa_Mauritius
1987	1042663	68.74	4783.586903	Africa_Mauritius
1992	1096202	69.745	6058.253846	Africa_Mauritius
1997	1149818	70.736	7425.705295	Africa_Mauritius
2002	1200206	71.954	9021.815894	Africa_Mauritius
2007	1250882	72.801	10956.99112	Africa_Mauritius
1952	30144317	50.789	3478.125529	Americas_Mexico
1957	35015548	55.19	4131.546641	Americas_Mexico
1962	41121485	58.299	4581.609385	Americas_Mexico
1967	47995559	60.11	5754.733883	Americas_Mexico
1972	55984294	62.361	6809.40669	Americas_Mexico
1977	63759976	65.032	7674.929108	Americas_Mexico
1982	71640904	67.405	9611.147541	Americas_Mexico
1987	80122492	69.498	8688.156003	Americas_Mexico
1992	88111030	71.455	9472.384295	Americas_Mexico
1997	95895146	73.67	9767.29753	Americas_Mexico
2002	102479927	74.902	10742.44053	Americas_Mexico
2007	108700891	76.195	11977.57496	Americas_Mexico
1952	800663	42.244	786.5668575	Asia_Mongolia
1957	882134	45.248	912.6626085	Asia_Mongolia
1962	1010280	48.251	1056.353958	Asia_Mongolia
1967	1149500	51.253	1226.04113	Asia_Mongolia
1972	1320500	53.754	1421.741975	Asia_Mongolia
1977	1528000	55.491	1647.511665	Asia_Mongolia
1982	1756032	57.489	2000.603139	Asia_Mongolia
1987	2015133	60.222	2338.008304	Asia_Mongolia
1992	2312802	61.271	1785.402016	Asia_Mongolia
1997	2494803	63.625	1902.2521	Asia_Mongolia
2002	2674234	65.033	2140.739323	Asia_Mongolia
2007	2874127	66.803	3095.772271	Asia_Mongolia
1952	413834	59.164	2647.585601	Europe_Montenegro
1957	442829	61.448	3682.259903	Europe_Montenegro
1962	474528	63.728	4649.593785	Europe_Montenegro
1967	501035	67.178	5907.850937	Europe_Montenegro
1972	527678	70.636	7778.414017	Europe_Montenegro
1977	560073	73.066	9595.929905	Europe_Montenegro
1982	562548	74.101	11222.58762	Europe_Montenegro
1987	569473	74.865	11732.51017	Europe_Montenegro
1992	621621	75.435	7003.339037	Europe_Montenegro
1997	692651	75.445	6465.613349	Europe_Montenegro
2002	720230	73.981	6557.194282	Europe_Montenegro
2007	684736	74.543	9253.896111	Europe_Montenegro
1952	9939217	42.873	1688.20357	Africa_Morocco
1957	11406350	45.423	1642.002314	Africa_Morocco
1962	13056604	47.924	1566.353493	Africa_Morocco
1967	14770296	50.335	1711.04477	Africa_Morocco
1972	16660670	52.862	1930.194975	Africa_Morocco
1977	18396941	55.73	2370.619976	Africa_Morocco
1982	20198730	59.65	2702.620356	Africa_Morocco
1987	22987397	62.677	2755.046991	Africa_Morocco
1992	25798239	65.393	2948.047252	Africa_Morocco
1997	28529501	67.66	2982.101858	Africa_Morocco
2002	31167783	69.615	3258.495584	Africa_Morocco
2007	33757175	71.164	3820.17523	Africa_Morocco
1952	6446316	31.286	468.5260381	Africa_Mozambique
1957	7038035	33.779	495.5868333	Africa_Mozambique
1962	7788944	36.161	556.6863539	Africa_Mozambique
1967	8680909	38.113	566.6691539	Africa_Mozambique
1972	9809596	40.328	724.9178037	Africa_Mozambique
1977	11127868	42.495	502.3197334	Africa_Mozambique
1982	12587223	42.795	462.2114149	Africa_Mozambique
1987	12891952	42.861	389.8761846	Africa_Mozambique
1992	13160731	44.284	410.8968239	Africa_Mozambique
1997	16603334	46.344	472.3460771	Africa_Mozambique
2002	18473780	44.026	633.6179466	Africa_Mozambique
2007	19951656	42.082	823.6856205	Africa_Mozambique
1952	20092996	36.319	331	Asia_Myanmar
1957	21731844	41.905	350	Asia_Myanmar
1962	23634436	45.108	388	Asia_Myanmar
1967	25870271	49.379	349	Asia_Myanmar
1972	28466390	53.07	357	Asia_Myanmar
1977	31528087	56.059	371	Asia_Myanmar
1982	34680442	58.056	424	Asia_Myanmar
1987	38028578	58.339	385	Asia_Myanmar
1992	40546538	59.32	347	Asia_Myanmar
1997	43247867	60.328	415	Asia_Myanmar
2002	45598081	59.908	611	Asia_Myanmar
2007	47761980	62.069	944	Asia_Myanmar
1952	485831	41.725	2423.780443	Africa_Namibia
1957	548080	45.226	2621.448058	Africa_Namibia
1962	621392	48.386	3173.215595	Africa_Namibia
1967	706640	51.159	3793.694753	Africa_Namibia
1972	821782	53.867	3746.080948	Africa_Namibia
1977	977026	56.437	3876.485958	Africa_Namibia
1982	1099010	58.968	4191.100511	Africa_Namibia
1987	1278184	60.835	3693.731337	Africa_Namibia
1992	1554253	61.999	3804.537999	Africa_Namibia
1997	1774766	58.909	3899.52426	Africa_Namibia
2002	1972153	51.479	4072.324751	Africa_Namibia
2007	2055080	52.906	4811.060429	Africa_Namibia
1952	9182536	36.157	545.8657229	Asia_Nepal
1957	9682338	37.686	597.9363558	Asia_Nepal
1962	10332057	39.393	652.3968593	Asia_Nepal
1967	11261690	41.472	676.4422254	Asia_Nepal
1972	12412593	43.971	674.7881296	Asia_Nepal
1977	13933198	46.748	694.1124398	Asia_Nepal
1982	15796314	49.594	718.3730947	Asia_Nepal
1987	17917180	52.537	775.6324501	Asia_Nepal
1992	20326209	55.727	897.7403604	Asia_Nepal
1997	23001113	59.426	1010.892138	Asia_Nepal
2002	25873917	61.34	1057.206311	Asia_Nepal
2007	28901790	63.785	1091.359778	Asia_Nepal
1952	10381988	72.13	8941.571858	Europe_Netherlands
1957	11026383	72.99	11276.19344	Europe_Netherlands
1962	11805689	73.23	12790.84956	Europe_Netherlands
1967	12596822	73.82	15363.25136	Europe_Netherlands
1972	13329874	73.75	18794.74567	Europe_Netherlands
1977	13852989	75.24	21209.0592	Europe_Netherlands
1982	14310401	76.05	21399.46046	Europe_Netherlands
1987	14665278	76.83	23651.32361	Europe_Netherlands
1992	15174244	77.42	26790.94961	Europe_Netherlands
1997	15604464	78.03	30246.13063	Europe_Netherlands
2002	16122830	78.53	33724.75778	Europe_Netherlands
2007	16570613	79.762	36797.93332	Europe_Netherlands
1952	1994794	69.39	10556.57566	Oceania_New Zealand
1957	2229407	70.26	12247.39532	Oceania_New Zealand
1962	2488550	71.24	13175.678	Oceania_New Zealand
1967	2728150	71.52	14463.91893	Oceania_New Zealand
1972	2929100	71.89	16046.03728	Oceania_New Zealand
1977	3164900	72.22	16233.7177	Oceania_New Zealand
1982	3210650	73.84	17632.4104	Oceania_New Zealand
1987	3317166	74.32	19007.19129	Oceania_New Zealand
1992	3437674	76.33	18363.32494	Oceania_New Zealand
1997	3676187	77.55	21050.41377	Oceania_New Zealand
2002	3908037	79.11	23189.80135	Oceania_New Zealand
2007	4115771	80.204	25185.00911	Oceania_New Zealand
1952	1165790	42.314	3112.363948	Americas_Nicaragua
1957	1358828	45.432	3457.415947	Americas_Nicaragua
1962	1590597	48.632	3634.364406	Americas_Nicaragua
1967	1865490	51.884	4643.393534	Americas_Nicaragua
1972	2182908	55.151	4688.593267	Americas_Nicaragua
1977	2554598	57.47	5486.371089	Americas_Nicaragua
1982	2979423	59.298	3470.338156	Americas_Nicaragua
1987	3344353	62.008	2955.984375	Americas_Nicaragua
1992	4017939	65.843	2170.151724	Americas_Nicaragua
1997	4609572	68.426	2253.023004	Americas_Nicaragua
2002	5146848	70.836	2474.548819	Americas_Nicaragua
2007	5675356	72.899	2749.320965	Americas_Nicaragua
1952	3379468	37.444	761.879376	Africa_Niger
1957	3692184	38.598	835.5234025	Africa_Niger
1962	4076008	39.487	997.7661127	Africa_Niger
1967	4534062	40.118	1054.384891	Africa_Niger
1972	5060262	40.546	954.2092363	Africa_Niger
1977	5682086	41.291	808.8970728	Africa_Niger
1982	6437188	42.598	909.7221354	Africa_Niger
1987	7332638	44.555	668.3000228	Africa_Niger
1992	8392818	47.391	581.182725	Africa_Niger
1997	9666252	51.313	580.3052092	Africa_Niger
2002	11140655	54.496	601.0745012	Africa_Niger
2007	12894865	56.867	619.6768924	Africa_Niger
1952	33119096	36.324	1077.281856	Africa_Nigeria
1957	37173340	37.802	1100.592563	Africa_Nigeria
1962	41871351	39.36	1150.927478	Africa_Nigeria
1967	47287752	41.04	1014.514104	Africa_Nigeria
1972	53740085	42.821	1698.388838	Africa_Nigeria
1977	62209173	44.514	1981.951806	Africa_Nigeria
1982	73039376	45.826	1576.97375	Africa_Nigeria
1987	81551520	46.886	1385.029563	Africa_Nigeria
1992	93364244	47.472	1619.848217	Africa_Nigeria
1997	106207839	47.464	1624.941275	Africa_Nigeria
2002	119901274	46.608	1615.286395	Africa_Nigeria
2007	135031164	46.859	2013.977305	Africa_Nigeria
1952	3327728	72.67	10095.42172	Europe_Norway
1957	3491938	73.44	11653.97304	Europe_Norway
1962	3638919	73.47	13450.40151	Europe_Norway
1967	3786019	74.08	16361.87647	Europe_Norway
1972	3933004	74.34	18965.05551	Europe_Norway
1977	4043205	75.37	23311.34939	Europe_Norway
1982	4114787	75.97	26298.63531	Europe_Norway
1987	4186147	75.89	31540.9748	Europe_Norway
1992	4286357	77.32	33965.66115	Europe_Norway
1997	4405672	78.32	41283.16433	Europe_Norway
2002	4535591	79.05	44683.97525	Europe_Norway
2007	4627926	80.196	49357.19017	Europe_Norway
1952	507833	37.578	1828.230307	Asia_Oman
1957	561977	40.08	2242.746551	Asia_Oman
1962	628164	43.165	2924.638113	Asia_Oman
1967	714775	46.988	4720.942687	Asia_Oman
1972	829050	52.143	10618.03855	Asia_Oman
1977	1004533	57.367	11848.34392	Asia_Oman
1982	1301048	62.728	12954.79101	Asia_Oman
1987	1593882	67.734	18115.22313	Asia_Oman
1992	1915208	71.197	18616.70691	Asia_Oman
1997	2283635	72.499	19702.05581	Asia_Oman
2002	2713462	74.193	19774.83687	Asia_Oman
2007	3204897	75.64	22316.19287	Asia_Oman
1952	41346560	43.436	684.5971438	Asia_Pakistan
1957	46679944	45.557	747.0835292	Asia_Pakistan
1962	53100671	47.67	803.3427418	Asia_Pakistan
1967	60641899	49.8	942.4082588	Asia_Pakistan
1972	69325921	51.929	1049.938981	Asia_Pakistan
1977	78152686	54.043	1175.921193	Asia_Pakistan
1982	91462088	56.158	1443.429832	Asia_Pakistan
1987	105186881	58.245	1704.686583	Asia_Pakistan
1992	120065004	60.838	1971.829464	Asia_Pakistan
1997	135564834	61.818	2049.350521	Asia_Pakistan
2002	153403524	63.61	2092.712441	Asia_Pakistan
2007	169270617	65.483	2605.94758	Asia_Pakistan
1952	940080	55.191	2480.380334	Americas_Panama
1957	1063506	59.201	2961.800905	Americas_Panama
1962	1215725	61.817	3536.540301	Americas_Panama
1967	1405486	64.071	4421.009084	Americas_Panama
1972	1616384	66.216	5364.249663	Americas_Panama
1977	1839782	68.681	5351.912144	Americas_Panama
1982	2036305	70.472	7009.601598	Americas_Panama
1987	2253639	71.523	7034.779161	Americas_Panama
1992	2484997	72.462	6618.74305	Americas_Panama
1997	2734531	73.738	7113.692252	Americas_Panama
2002	2990875	74.712	7356.031934	Americas_Panama
2007	3242173	75.537	9809.185636	Americas_Panama
1952	1555876	62.649	1952.308701	Americas_Paraguay
1957	1770902	63.196	2046.154706	Americas_Paraguay
1962	2009813	64.361	2148.027146	Americas_Paraguay
1967	2287985	64.951	2299.376311	Americas_Paraguay
1972	2614104	65.815	2523.337977	Americas_Paraguay
1977	2984494	66.353	3248.373311	Americas_Paraguay
1982	3366439	66.874	4258.503604	Americas_Paraguay
1987	3886512	67.378	3998.875695	Americas_Paraguay
1992	4483945	68.225	4196.411078	Americas_Paraguay
1997	5154123	69.4	4247.400261	Americas_Paraguay
2002	5884491	70.755	3783.674243	Americas_Paraguay
2007	6667147	71.752	4172.838464	Americas_Paraguay
1952	8025700	43.902	3758.523437	Americas_Peru
1957	9146100	46.263	4245.256698	Americas_Peru
1962	10516500	49.096	4957.037982	Americas_Peru
1967	12132200	51.445	5788.09333	Americas_Peru
1972	13954700	55.448	5937.827283	Americas_Peru
1977	15990099	58.447	6281.290855	Americas_Peru
1982	18125129	61.406	6434.501797	Americas_Peru
1987	20195924	64.134	6360.943444	Americas_Peru
1992	22430449	66.458	4446.380924	Americas_Peru
1997	24748122	68.386	5838.347657	Americas_Peru
2002	26769436	69.906	5909.020073	Americas_Peru
2007	28674757	71.421	7408.905561	Americas_Peru
1952	22438691	47.752	1272.880995	Asia_Philippines
1957	26072194	51.334	1547.944844	Asia_Philippines
1962	30325264	54.757	1649.552153	Asia_Philippines
1967	35356600	56.393	1814.12743	Asia_Philippines
1972	40850141	58.065	1989.37407	Asia_Philippines
1977	46850962	60.06	2373.204287	Asia_Philippines
1982	53456774	62.082	2603.273765	Asia_Philippines
1987	60017788	64.151	2189.634995	Asia_Philippines
1992	67185766	66.458	2279.324017	Asia_Philippines
1997	75012988	68.564	2536.534925	Asia_Philippines
2002	82995088	70.303	2650.921068	Asia_Philippines
2007	91077287	71.688	3190.481016	Asia_Philippines
1952	25730551	61.31	4029.329699	Europe_Poland
1957	28235346	65.77	4734.253019	Europe_Poland
1962	30329617	67.64	5338.752143	Europe_Poland
1967	31785378	69.61	6557.152776	Europe_Poland
1972	33039545	70.85	8006.506993	Europe_Poland
1977	34621254	70.67	9508.141454	Europe_Poland
1982	36227381	71.32	8451.531004	Europe_Poland
1987	37740710	70.98	9082.351172	Europe_Poland
1992	38370697	70.99	7738.881247	Europe_Poland
1997	38654957	72.75	10159.58368	Europe_Poland
2002	38625976	74.67	12002.23908	Europe_Poland
2007	38518241	75.563	15389.92468	Europe_Poland
1952	8526050	59.82	3068.319867	Europe_Portugal
1957	8817650	61.51	3774.571743	Europe_Portugal
1962	9019800	64.39	4727.954889	Europe_Portugal
1967	9103000	66.6	6361.517993	Europe_Portugal
1972	8970450	69.26	9022.247417	Europe_Portugal
1977	9662600	70.41	10172.48572	Europe_Portugal
1982	9859650	72.77	11753.84291	Europe_Portugal
1987	9915289	74.06	13039.30876	Europe_Portugal
1992	9927680	74.86	16207.26663	Europe_Portugal
1997	10156415	75.97	17641.03156	Europe_Portugal
2002	10433867	77.29	19970.90787	Europe_Portugal
2007	10642836	78.098	20509.64777	Europe_Portugal
1952	2227000	64.28	3081.959785	Americas_Puerto Rico
1957	2260000	68.54	3907.156189	Americas_Puerto Rico
1962	2448046	69.62	5108.34463	Americas_Puerto Rico
1967	2648961	71.1	6929.277714	Americas_Puerto Rico
1972	2847132	72.16	9123.041742	Americas_Puerto Rico
1977	3080828	73.44	9770.524921	Americas_Puerto Rico
1982	3279001	73.75	10330.98915	Americas_Puerto Rico
1987	3444468	74.63	12281.34191	Americas_Puerto Rico
1992	3585176	73.911	14641.58711	Americas_Puerto Rico
1997	3759430	74.917	16999.4333	Americas_Puerto Rico
2002	3859606	77.778	18855.60618	Americas_Puerto Rico
2007	3942491	78.746	19328.70901	Americas_Puerto Rico
1952	257700	52.724	2718.885295	Africa_Reunion
1957	308700	55.09	2769.451844	Africa_Reunion
1962	358900	57.666	3173.72334	Africa_Reunion
1967	414024	60.542	4021.175739	Africa_Reunion
1972	461633	64.274	5047.658563	Africa_Reunion
1977	492095	67.064	4319.804067	Africa_Reunion
1982	517810	69.885	5267.219353	Africa_Reunion
1987	562035	71.913	5303.377488	Africa_Reunion
1992	622191	73.615	6101.255823	Africa_Reunion
1997	684810	74.772	6071.941411	Africa_Reunion
2002	743981	75.744	6316.1652	Africa_Reunion
2007	798094	76.442	7670.122558	Africa_Reunion
1952	16630000	61.05	3144.613186	Europe_Romania
1957	17829327	64.1	3943.370225	Europe_Romania
1962	18680721	66.8	4734.997586	Europe_Romania
1967	19284814	66.8	6470.866545	Europe_Romania
1972	20662648	69.21	8011.414402	Europe_Romania
1977	21658597	69.46	9356.39724	Europe_Romania
1982	22356726	69.66	9605.314053	Europe_Romania
1987	22686371	69.53	9696.273295	Europe_Romania
1992	22797027	69.36	6598.409903	Europe_Romania
1997	22562458	69.72	7346.547557	Europe_Romania
2002	22404337	71.322	7885.360081	Europe_Romania
2007	22276056	72.476	10808.47561	Europe_Romania
1952	2534927	40	493.3238752	Africa_Rwanda
1957	2822082	41.5	540.2893983	Africa_Rwanda
1962	3051242	43	597.4730727	Africa_Rwanda
1967	3451079	44.1	510.9637142	Africa_Rwanda
1972	3992121	44.6	590.5806638	Africa_Rwanda
1977	4657072	45	670.0806011	Africa_Rwanda
1982	5507565	46.218	881.5706467	Africa_Rwanda
1987	6349365	44.02	847.991217	Africa_Rwanda
1992	7290203	23.599	737.0685949	Africa_Rwanda
1997	7212583	36.087	589.9445051	Africa_Rwanda
2002	7852401	43.413	785.6537648	Africa_Rwanda
2007	8860588	46.242	863.0884639	Africa_Rwanda
1952	60011	46.471	879.5835855	Africa_Sao Tome and Principe
1957	61325	48.945	860.7369026	Africa_Sao Tome and Principe
1962	65345	51.893	1071.551119	Africa_Sao Tome and Principe
1967	70787	54.425	1384.840593	Africa_Sao Tome and Principe
1972	76595	56.48	1532.985254	Africa_Sao Tome and Principe
1977	86796	58.55	1737.561657	Africa_Sao Tome and Principe
1982	98593	60.351	1890.218117	Africa_Sao Tome and Principe
1987	110812	61.728	1516.525457	Africa_Sao Tome and Principe
1992	125911	62.742	1428.777814	Africa_Sao Tome and Principe
1997	145608	63.306	1339.076036	Africa_Sao Tome and Principe
2002	170372	64.337	1353.09239	Africa_Sao Tome and Principe
2007	199579	65.528	1598.435089	Africa_Sao Tome and Principe
1952	4005677	39.875	6459.554823	Asia_Saudi Arabia
1957	4419650	42.868	8157.591248	Asia_Saudi Arabia
1962	4943029	45.914	11626.41975	Asia_Saudi Arabia
1967	5618198	49.901	16903.04886	Asia_Saudi Arabia
1972	6472756	53.886	24837.42865	Asia_Saudi Arabia
1977	8128505	58.69	34167.7626	Asia_Saudi Arabia
1982	11254672	63.012	33693.17525	Asia_Saudi Arabia
1987	14619745	66.295	21198.26136	Asia_Saudi Arabia
1992	16945857	68.768	24841.61777	Asia_Saudi Arabia
1997	21229759	70.533	20586.69019	Asia_Saudi Arabia
2002	24501530	71.626	19014.54118	Asia_Saudi Arabia
2007	27601038	72.777	21654.83194	Asia_Saudi Arabia
1952	2755589	37.278	1450.356983	Africa_Senegal
1957	3054547	39.329	1567.653006	Africa_Senegal
1962	3430243	41.454	1654.988723	Africa_Senegal
1967	3965841	43.563	1612.404632	Africa_Senegal
1972	4588696	45.815	1597.712056	Africa_Senegal
1977	5260855	48.879	1561.769116	Africa_Senegal
1982	6147783	52.379	1518.479984	Africa_Senegal
1987	7171347	55.769	1441.72072	Africa_Senegal
1992	8307920	58.196	1367.899369	Africa_Senegal
1997	9535314	60.187	1392.368347	Africa_Senegal
2002	10870037	61.6	1519.635262	Africa_Senegal
2007	12267493	63.062	1712.472136	Africa_Senegal
1952	6860147	57.996	3581.459448	Europe_Serbia
1957	7271135	61.685	4981.090891	Europe_Serbia
1962	7616060	64.531	6289.629157	Europe_Serbia
1967	7971222	66.914	7991.707066	Europe_Serbia
1972	8313288	68.7	10522.06749	Europe_Serbia
1977	8686367	70.3	12980.66956	Europe_Serbia
1982	9032824	70.162	15181.0927	Europe_Serbia
1987	9230783	71.218	15870.87851	Europe_Serbia
1992	9826397	71.659	9325.068238	Europe_Serbia
1997	10336594	72.232	7914.320304	Europe_Serbia
2002	10111559	73.213	7236.075251	Europe_Serbia
2007	10150265	74.002	9786.534714	Europe_Serbia
1952	2143249	30.331	879.7877358	Africa_Sierra Leone
1957	2295678	31.57	1004.484437	Africa_Sierra Leone
1962	2467895	32.767	1116.639877	Africa_Sierra Leone
1967	2662190	34.113	1206.043465	Africa_Sierra Leone
1972	2879013	35.4	1353.759762	Africa_Sierra Leone
1977	3140897	36.788	1348.285159	Africa_Sierra Leone
1982	3464522	38.445	1465.010784	Africa_Sierra Leone
1987	3868905	40.006	1294.447788	Africa_Sierra Leone
1992	4260884	38.333	1068.696278	Africa_Sierra Leone
1997	4578212	39.897	574.6481576	Africa_Sierra Leone
2002	5359092	41.012	699.489713	Africa_Sierra Leone
2007	6144562	42.568	862.5407561	Africa_Sierra Leone
1952	1127000	60.396	2315.138227	Asia_Singapore
1957	1445929	63.179	2843.104409	Asia_Singapore
1962	1750200	65.798	3674.735572	Asia_Singapore
1967	1977600	67.946	4977.41854	Asia_Singapore
1972	2152400	69.521	8597.756202	Asia_Singapore
1977	2325300	70.795	11210.08948	Asia_Singapore
1982	2651869	71.76	15169.16112	Asia_Singapore
1987	2794552	73.56	18861.53081	Asia_Singapore
1992	3235865	75.788	24769.8912	Asia_Singapore
1997	3802309	77.158	33519.4766	Asia_Singapore
2002	4197776	78.77	36023.1054	Asia_Singapore
2007	4553009	79.972	47143.17964	Asia_Singapore
1952	3558137	64.36	5074.659104	Europe_Slovak Republic
1957	3844277	67.45	6093.26298	Europe_Slovak Republic
1962	4237384	70.33	7481.107598	Europe_Slovak Republic
1967	4442238	70.98	8412.902397	Europe_Slovak Republic
1972	4593433	70.35	9674.167626	Europe_Slovak Republic
1977	4827803	70.45	10922.66404	Europe_Slovak Republic
1982	5048043	70.8	11348.54585	Europe_Slovak Republic
1987	5199318	71.08	12037.26758	Europe_Slovak Republic
1992	5302888	71.38	9498.467723	Europe_Slovak Republic
1997	5383010	72.71	12126.23065	Europe_Slovak Republic
2002	5410052	73.8	13638.77837	Europe_Slovak Republic
2007	5447502	74.663	18678.31435	Europe_Slovak Republic
1952	1489518	65.57	4215.041741	Europe_Slovenia
1957	1533070	67.85	5862.276629	Europe_Slovenia
1962	1582962	69.15	7402.303395	Europe_Slovenia
1967	1646912	69.18	9405.489397	Europe_Slovenia
1972	1694510	69.82	12383.4862	Europe_Slovenia
1977	1746919	70.97	15277.03017	Europe_Slovenia
1982	1861252	71.063	17866.72175	Europe_Slovenia
1987	1945870	72.25	18678.53492	Europe_Slovenia
1992	1999210	73.64	14214.71681	Europe_Slovenia
1997	2011612	75.13	17161.10735	Europe_Slovenia
2002	2011497	76.66	20660.01936	Europe_Slovenia
2007	2009245	77.926	25768.25759	Europe_Slovenia
1952	2526994	32.978	1135.749842	Africa_Somalia
1957	2780415	34.977	1258.147413	Africa_Somalia
1962	3080153	36.981	1369.488336	Africa_Somalia
1967	3428839	38.977	1284.73318	Africa_Somalia
1972	3840161	40.973	1254.576127	Africa_Somalia
1977	4353666	41.974	1450.992513	Africa_Somalia
1982	5828892	42.955	1176.807031	Africa_Somalia
1987	6921858	44.501	1093.244963	Africa_Somalia
1992	6099799	39.658	926.9602964	Africa_Somalia
1997	6633514	43.795	930.5964284	Africa_Somalia
2002	7753310	45.936	882.0818218	Africa_Somalia
2007	9118773	48.159	926.1410683	Africa_Somalia
1952	14264935	45.009	4725.295531	Africa_South Africa
1957	16151549	47.985	5487.104219	Africa_South Africa
1962	18356657	49.951	5768.729717	Africa_South Africa
1967	20997321	51.927	7114.477971	Africa_South Africa
1972	23935810	53.696	7765.962636	Africa_South Africa
1977	27129932	55.527	8028.651439	Africa_South Africa
1982	31140029	58.161	8568.266228	Africa_South Africa
1987	35933379	60.834	7825.823398	Africa_South Africa
1992	39964159	61.888	7225.069258	Africa_South Africa
1997	42835005	60.236	7479.188244	Africa_South Africa
2002	44433622	53.365	7710.946444	Africa_South Africa
2007	43997828	49.339	9269.657808	Africa_South Africa
1952	28549870	64.94	3834.034742	Europe_Spain
1957	29841614	66.66	4564.80241	Europe_Spain
1962	31158061	69.69	5693.843879	Europe_Spain
1967	32850275	71.44	7993.512294	Europe_Spain
1972	34513161	73.06	10638.75131	Europe_Spain
1977	36439000	74.39	13236.92117	Europe_Spain
1982	37983310	76.3	13926.16997	Europe_Spain
1987	38880702	76.9	15764.98313	Europe_Spain
1992	39549438	77.57	18603.06452	Europe_Spain
1997	39855442	78.77	20445.29896	Europe_Spain
2002	40152517	79.78	24835.47166	Europe_Spain
2007	40448191	80.941	28821.0637	Europe_Spain
1952	7982342	57.593	1083.53203	Asia_Sri Lanka
1957	9128546	61.456	1072.546602	Asia_Sri Lanka
1962	10421936	62.192	1074.47196	Asia_Sri Lanka
1967	11737396	64.266	1135.514326	Asia_Sri Lanka
1972	13016733	65.042	1213.39553	Asia_Sri Lanka
1977	14116836	65.949	1348.775651	Asia_Sri Lanka
1982	15410151	68.757	1648.079789	Asia_Sri Lanka
1987	16495304	69.011	1876.766827	Asia_Sri Lanka
1992	17587060	70.379	2153.739222	Asia_Sri Lanka
1997	18698655	70.457	2664.477257	Asia_Sri Lanka
2002	19576783	70.815	3015.378833	Asia_Sri Lanka
2007	20378239	72.396	3970.095407	Asia_Sri Lanka
1952	8504667	38.635	1615.991129	Africa_Sudan
1957	9753392	39.624	1770.337074	Africa_Sudan
1962	11183227	40.87	1959.593767	Africa_Sudan
1967	12716129	42.858	1687.997641	Africa_Sudan
1972	14597019	45.083	1659.652775	Africa_Sudan
1977	17104986	47.8	2202.988423	Africa_Sudan
1982	20367053	50.338	1895.544073	Africa_Sudan
1987	24725960	51.744	1507.819159	Africa_Sudan
1992	28227588	53.556	1492.197043	Africa_Sudan
1997	32160729	55.373	1632.210764	Africa_Sudan
2002	37090298	56.369	1993.398314	Africa_Sudan
2007	42292929	58.556	2602.394995	Africa_Sudan
1952	290243	41.407	1148.376626	Africa_Swaziland
1957	326741	43.424	1244.708364	Africa_Swaziland
1962	370006	44.992	1856.182125	Africa_Swaziland
1967	420690	46.633	2613.101665	Africa_Swaziland
1972	480105	49.552	3364.836625	Africa_Swaziland
1977	551425	52.537	3781.410618	Africa_Swaziland
1982	649901	55.561	3895.384018	Africa_Swaziland
1987	779348	57.678	3984.839812	Africa_Swaziland
1992	962344	58.474	3553.0224	Africa_Swaziland
1997	1054486	54.289	3876.76846	Africa_Swaziland
2002	1130269	43.869	4128.116943	Africa_Swaziland
2007	1133066	39.613	4513.480643	Africa_Swaziland
1952	7124673	71.86	8527.844662	Europe_Sweden
1957	7363802	72.49	9911.878226	Europe_Sweden
1962	7561588	73.37	12329.44192	Europe_Sweden
1967	7867931	74.16	15258.29697	Europe_Sweden
1972	8122293	74.72	17832.02464	Europe_Sweden
1977	8251648	75.44	18855.72521	Europe_Sweden
1982	8325260	76.42	20667.38125	Europe_Sweden
1987	8421403	77.19	23586.92927	Europe_Sweden
1992	8718867	78.16	23880.01683	Europe_Sweden
1997	8897619	79.39	25266.59499	Europe_Sweden
2002	8954175	80.04	29341.63093	Europe_Sweden
2007	9031088	80.884	33859.74835	Europe_Sweden
1952	4815000	69.62	14734.23275	Europe_Switzerland
1957	5126000	70.56	17909.48973	Europe_Switzerland
1962	5666000	71.32	20431.0927	Europe_Switzerland
1967	6063000	72.77	22966.14432	Europe_Switzerland
1972	6401400	73.78	27195.11304	Europe_Switzerland
1977	6316424	75.39	26982.29052	Europe_Switzerland
1982	6468126	76.21	28397.71512	Europe_Switzerland
1987	6649942	77.41	30281.70459	Europe_Switzerland
1992	6995447	78.03	31871.5303	Europe_Switzerland
1997	7193761	79.37	32135.32301	Europe_Switzerland
2002	7361757	80.62	34480.95771	Europe_Switzerland
2007	7554661	81.701	37506.41907	Europe_Switzerland
1952	3661549	45.883	1643.485354	Asia_Syria
1957	4149908	48.284	2117.234893	Asia_Syria
1962	4834621	50.305	2193.037133	Asia_Syria
1967	5680812	53.655	1881.923632	Asia_Syria
1972	6701172	57.296	2571.423014	Asia_Syria
1977	7932503	61.195	3195.484582	Asia_Syria
1982	9410494	64.59	3761.837715	Asia_Syria
1987	11242847	66.974	3116.774285	Asia_Syria
1992	13219062	69.249	3340.542768	Asia_Syria
1997	15081016	71.527	4014.238972	Asia_Syria
2002	17155814	73.053	4090.925331	Asia_Syria
2007	19314747	74.143	4184.548089	Asia_Syria
1952	8550362	58.5	1206.947913	Asia_Taiwan
1957	10164215	62.4	1507.86129	Asia_Taiwan
1962	11918938	65.2	1822.879028	Asia_Taiwan
1967	13648692	67.5	2643.858681	Asia_Taiwan
1972	15226039	69.39	4062.523897	Asia_Taiwan
1977	16785196	70.59	5596.519826	Asia_Taiwan
1982	18501390	72.16	7426.354774	Asia_Taiwan
1987	19757799	73.4	11054.56175	Asia_Taiwan
1992	20686918	74.26	15215.6579	Asia_Taiwan
1997	21628605	75.25	20206.82098	Asia_Taiwan
2002	22454239	76.99	23235.42329	Asia_Taiwan
2007	23174294	78.4	28718.27684	Asia_Taiwan
1952	8322925	41.215	716.6500721	Africa_Tanzania
1957	9452826	42.974	698.5356073	Africa_Tanzania
1962	10863958	44.246	722.0038073	Africa_Tanzania
1967	12607312	45.757	848.2186575	Africa_Tanzania
1972	14706593	47.62	915.9850592	Africa_Tanzania
1977	17129565	49.919	962.4922932	Africa_Tanzania
1982	19844382	50.608	874.2426069	Africa_Tanzania
1987	23040630	51.535	831.8220794	Africa_Tanzania
1992	26605473	50.44	825.682454	Africa_Tanzania
1997	30686889	48.466	789.1862231	Africa_Tanzania
2002	34593779	49.651	899.0742111	Africa_Tanzania
2007	38139640	52.517	1107.482182	Africa_Tanzania
1952	21289402	50.848	757.7974177	Asia_Thailand
1957	25041917	53.63	793.5774148	Asia_Thailand
1962	29263397	56.061	1002.199172	Asia_Thailand
1967	34024249	58.285	1295.46066	Asia_Thailand
1972	39276153	60.405	1524.358936	Asia_Thailand
1977	44148285	62.494	1961.224635	Asia_Thailand
1982	48827160	64.597	2393.219781	Asia_Thailand
1987	52910342	66.084	2982.653773	Asia_Thailand
1992	56667095	67.298	4616.896545	Asia_Thailand
1997	60216677	67.521	5852.625497	Asia_Thailand
2002	62806748	68.564	5913.187529	Asia_Thailand
2007	65068149	70.616	7458.396327	Asia_Thailand
1952	1219113	38.596	859.8086567	Africa_Togo
1957	1357445	41.208	925.9083202	Africa_Togo
1962	1528098	43.922	1067.53481	Africa_Togo
1967	1735550	46.769	1477.59676	Africa_Togo
1972	2056351	49.759	1649.660188	Africa_Togo
1977	2308582	52.887	1532.776998	Africa_Togo
1982	2644765	55.471	1344.577953	Africa_Togo
1987	3154264	56.941	1202.201361	Africa_Togo
1992	3747553	58.061	1034.298904	Africa_Togo
1997	4320890	58.39	982.2869243	Africa_Togo
2002	4977378	57.561	886.2205765	Africa_Togo
2007	5701579	58.42	882.9699438	Africa_Togo
1952	662850	59.1	3023.271928	Americas_Trinidad and Tobago
1957	764900	61.8	4100.3934	Americas_Trinidad and Tobago
1962	887498	64.9	4997.523971	Americas_Trinidad and Tobago
1967	960155	65.4	5621.368472	Americas_Trinidad and Tobago
1972	975199	65.9	6619.551419	Americas_Trinidad and Tobago
1977	1039009	68.3	7899.554209	Americas_Trinidad and Tobago
1982	1116479	68.832	9119.528607	Americas_Trinidad and Tobago
1987	1191336	69.582	7388.597823	Americas_Trinidad and Tobago
1992	1183669	69.862	7370.990932	Americas_Trinidad and Tobago
1997	1138101	69.465	8792.573126	Americas_Trinidad and Tobago
2002	1101832	68.976	11460.60023	Americas_Trinidad and Tobago
2007	1056608	69.819	18008.50924	Americas_Trinidad and Tobago
1952	3647735	44.6	1468.475631	Africa_Tunisia
1957	3950849	47.1	1395.232468	Africa_Tunisia
1962	4286552	49.579	1660.30321	Africa_Tunisia
1967	4786986	52.053	1932.360167	Africa_Tunisia
1972	5303507	55.602	2753.285994	Africa_Tunisia
1977	6005061	59.837	3120.876811	Africa_Tunisia
1982	6734098	64.048	3560.233174	Africa_Tunisia
1987	7724976	66.894	3810.419296	Africa_Tunisia
1992	8523077	70.001	4332.720164	Africa_Tunisia
1997	9231669	71.973	4876.798614	Africa_Tunisia
2002	9770575	73.042	5722.895655	Africa_Tunisia
2007	10276158	73.923	7092.923025	Africa_Tunisia
1952	22235677	43.585	1969.10098	Europe_Turkey
1957	25670939	48.079	2218.754257	Europe_Turkey
1962	29788695	52.098	2322.869908	Europe_Turkey
1967	33411317	54.336	2826.356387	Europe_Turkey
1972	37492953	57.005	3450.69638	Europe_Turkey
1977	42404033	59.507	4269.122326	Europe_Turkey
1982	47328791	61.036	4241.356344	Europe_Turkey
1987	52881328	63.108	5089.043686	Europe_Turkey
1992	58179144	66.146	5678.348271	Europe_Turkey
1997	63047647	68.835	6601.429915	Europe_Turkey
2002	67308928	70.845	6508.085718	Europe_Turkey
2007	71158647	71.777	8458.276384	Europe_Turkey
1952	5824797	39.978	734.753484	Africa_Uganda
1957	6675501	42.571	774.3710692	Africa_Uganda
1962	7688797	45.344	767.2717398	Africa_Uganda
1967	8900294	48.051	908.9185217	Africa_Uganda
1972	10190285	51.016	950.735869	Africa_Uganda
1977	11457758	50.35	843.7331372	Africa_Uganda
1982	12939400	49.849	682.2662268	Africa_Uganda
1987	15283050	51.509	617.7244065	Africa_Uganda
1992	18252190	48.825	644.1707969	Africa_Uganda
1997	21210254	44.578	816.559081	Africa_Uganda
2002	24739869	47.813	927.7210018	Africa_Uganda
2007	29170398	51.542	1056.380121	Africa_Uganda
1952	50430000	69.18	9979.508487	Europe_United Kingdom
1957	51430000	70.42	11283.17795	Europe_United Kingdom
1962	53292000	70.76	12477.17707	Europe_United Kingdom
1967	54959000	71.36	14142.85089	Europe_United Kingdom
1972	56079000	72.01	15895.11641	Europe_United Kingdom
1977	56179000	72.76	17428.74846	Europe_United Kingdom
1982	56339704	74.04	18232.42452	Europe_United Kingdom
1987	56981620	75.007	21664.78767	Europe_United Kingdom
1992	57866349	76.42	22705.09254	Europe_United Kingdom
1997	58808266	77.218	26074.53136	Europe_United Kingdom
2002	59912431	78.471	29478.99919	Europe_United Kingdom
2007	60776238	79.425	33203.26128	Europe_United Kingdom
1952	157553000	68.44	13990.48208	Americas_United States
1957	171984000	69.49	14847.12712	Americas_United States
1962	186538000	70.21	16173.14586	Americas_United States
1967	198712000	70.76	19530.36557	Americas_United States
1972	209896000	71.34	21806.03594	Americas_United States
1977	220239000	73.38	24072.63213	Americas_United States
1982	232187835	74.65	25009.55914	Americas_United States
1987	242803533	75.02	29884.35041	Americas_United States
1992	256894189	76.09	32003.93224	Americas_United States
1997	272911760	76.81	35767.43303	Americas_United States
2002	287675526	77.31	39097.09955	Americas_United States
2007	301139947	78.242	42951.65309	Americas_United States
1952	2252965	66.071	5716.766744	Americas_Uruguay
1957	2424959	67.044	6150.772969	Americas_Uruguay
1962	2598466	68.253	5603.357717	Americas_Uruguay
1967	2748579	68.468	5444.61962	Americas_Uruguay
1972	2829526	68.673	5703.408898	Americas_Uruguay
1977	2873520	69.481	6504.339663	Americas_Uruguay
1982	2953997	70.805	6920.223051	Americas_Uruguay
1987	3045153	71.918	7452.398969	Americas_Uruguay
1992	3149262	72.752	8137.004775	Americas_Uruguay
1997	3262838	74.223	9230.240708	Americas_Uruguay
2002	3363085	75.307	7727.002004	Americas_Uruguay
2007	3447496	76.384	10611.46299	Americas_Uruguay
1952	5439568	55.088	7689.799761	Americas_Venezuela
1957	6702668	57.907	9802.466526	Americas_Venezuela
1962	8143375	60.77	8422.974165	Americas_Venezuela
1967	9709552	63.479	9541.474188	Americas_Venezuela
1972	11515649	65.712	10505.25966	Americas_Venezuela
1977	13503563	67.456	13143.95095	Americas_Venezuela
1982	15620766	68.557	11152.41011	Americas_Venezuela
1987	17910182	70.19	9883.584648	Americas_Venezuela
1992	20265563	71.15	10733.92631	Americas_Venezuela
1997	22374398	72.146	10165.49518	Americas_Venezuela
2002	24287670	72.766	8605.047831	Americas_Venezuela
2007	26084662	73.747	11415.80569	Americas_Venezuela
1952	26246839	40.412	605.0664917	Asia_Vietnam
1957	28998543	42.887	676.2854478	Asia_Vietnam
1962	33796140	45.363	772.0491602	Asia_Vietnam
1967	39463910	47.838	637.1232887	Asia_Vietnam
1972	44655014	50.254	699.5016441	Asia_Vietnam
1977	50533506	55.764	713.5371196	Asia_Vietnam
1982	56142181	58.816	707.2357863	Asia_Vietnam
1987	62826491	62.82	820.7994449	Asia_Vietnam
1992	69940728	67.662	989.0231487	Asia_Vietnam
1997	76048996	70.672	1385.896769	Asia_Vietnam
2002	80908147	73.017	1764.456677	Asia_Vietnam
2007	85262356	74.249	2441.576404	Asia_Vietnam
1952	1030585	43.16	1515.592329	Asia_West Bank and Gaza
1957	1070439	45.671	1827.067742	Asia_West Bank and Gaza
1962	1133134	48.127	2198.956312	Asia_West Bank and Gaza
1967	1142636	51.631	2649.715007	Asia_West Bank and Gaza
1972	1089572	56.532	3133.409277	Asia_West Bank and Gaza
1977	1261091	60.765	3682.831494	Asia_West Bank and Gaza
1982	1425876	64.406	4336.032082	Asia_West Bank and Gaza
1987	1691210	67.046	5107.197384	Asia_West Bank and Gaza
1992	2104779	69.718	6017.654756	Asia_West Bank and Gaza
1997	2826046	71.096	7110.667619	Asia_West Bank and Gaza
2002	3389578	72.37	4515.487575	Asia_West Bank and Gaza
2007	4018332	73.422	3025.349798	Asia_West Bank and Gaza
1952	4963829	32.548	781.7175761	Asia_Yemen, Rep.
1957	5498090	33.97	804.8304547	Asia_Yemen, Rep.
1962	6120081	35.18	825.6232006	Asia_Yemen, Rep.
1967	6740785	36.984	862.4421463	Asia_Yemen, Rep.
1972	7407075	39.848	1265.047031	Asia_Yemen, Rep.
1977	8403990	44.175	1829.765177	Asia_Yemen, Rep.
1982	9657618	49.113	1977.55701	Asia_Yemen, Rep.
1987	11219340	52.922	1971.741538	Asia_Yemen, Rep.
1992	13367997	55.599	1879.496673	Asia_Yemen, Rep.
1997	15826497	58.02	2117.484526	Asia_Yemen, Rep.
2002	18701257	60.308	2234.820827	Asia_Yemen, Rep.
2007	22211743	62.698	2280.769906	Asia_Yemen, Rep.
1952	2672000	42.038	1147.388831	Africa_Zambia
1957	3016000	44.077	1311.956766	Africa_Zambia
1962	3421000	46.023	1452.725766	Africa_Zambia
1967	3900000	47.768	1777.077318	Africa_Zambia
1972	4506497	50.107	1773.498265	Africa_Zambia
1977	5216550	51.386	1588.688299	Africa_Zambia
1982	6100407	51.821	1408.678565	Africa_Zambia
1987	7272406	50.821	1213.315116	Africa_Zambia
1992	8381163	46.1	1210.884633	Africa_Zambia
1997	9417789	40.238	1071.353818	Africa_Zambia
2002	10595811	39.193	1071.613938	Africa_Zambia
2007	11746035	42.384	1271.211593	Africa_Zambia
1952	3080907	48.451	406.8841148	Africa_Zimbabwe
1957	3646340	50.469	518.7642681	Africa_Zimbabwe
1962	4277736	52.358	527.2721818	Africa_Zimbabwe
1967	4995432	53.995	569.7950712	Africa_Zimbabwe
1972	5861135	55.635	799.3621758	Africa_Zimbabwe
1977	6642107	57.674	685.5876821	Africa_Zimbabwe
1982	7636524	60.363	788.8550411	Africa_Zimbabwe
1987	9216418	62.351	706.1573059	Africa_Zimbabwe
1992	10704340	60.377	693.4207856	Africa_Zimbabwe
1997	11404948	46.809	792.4499603	Africa_Zimbabwe
2002	11926563	39.989	672.0386227	Africa_Zimbabwe
2007	12311143	43.487	469.7092981	Africa_Zimbabwe
